User ID	0
Activity Count
10000	101
10001	107
10002	98
10003	114
10004	97
10005	94
10006	76
10007	90
10008	101
10009	111
10010	93
10011	100
10012	107
10013	89
10014	110
10015	95
10016	112
10017	123
10018	105
10019	108
10020	90
10021	114
10022	82
10023	112
10024	87
10025	101
10026	97
10027	92
10028	92
10029	90
10030	87
10031	110
10032	91
10033	107
10034	107
10035	103
10036	99
10037	116
10038	89
10039	105
10040	108
10041	94
10042	95
10043	95
10044	89
10045	102
10046	100
10047	110
10048	93
10049	103
10050	91
10051	121
10052	80
10053	103
10054	85
10055	97
10056	105
10057	120
10058	110
10059	113
10060	109
10061	92
10062	98
10063	123
10064	111
10065	102
10066	95
10067	93
10068	103
10069	106
10070	74
10071	104
10072	120
10073	98
10074	100
10075	79
10076	95
10077	92
10078	96
10079	93
10080	106
10081	111
10082	94
10083	102
10084	106
10085	87
10086	97
10087	86
10088	96
10089	108
10090	98
10091	119
10092	97
10093	103
10094	113
10095	95
10096	100
10097	107
10098	95
10099	99
10100	102
10101	101
10102	91
10103	98
10104	106
10105	100
10106	91
10107	97
10108	96
10109	94
10110	95
10111	100
10112	103
10113	81
10114	102
10115	88
10116	98
10117	94
10118	108
10119	99
10120	88
10121	80
10122	109
10123	92
10124	95
10125	100
10126	104
10127	112
10128	80
10129	107
10130	78
10131	79
10132	102
10133	87
10134	95
10135	84
10136	102
10137	108
10138	99
10139	87
10140	113
10141	97
10142	105
10143	99
10144	102
10145	88
10146	97
10147	101
10148	107
10149	121
10150	90
10151	115
10152	103
10153	119
10154	90
10155	74
10156	117
10157	97
10158	108
10159	107
10160	111
10161	115
10162	98
10163	113
10164	82
10165	101
10166	89
10167	108
10168	107
10169	101
10170	126
10171	96
10172	105
10173	92
10174	98
10175	93
10176	110
10177	103
10178	90
10179	95
10180	88
10181	97
10182	86
10183	101
10184	114
10185	93
10186	84
10187	106
10188	102
10189	100
10190	115
10191	92
10192	116
10193	109
10194	100
10195	103
10196	104
10197	101
10198	113
10199	103
10200	94
10201	98
10202	111
10203	88
10204	119
10205	92
10206	119
10207	100
10208	120
10209	104
10210	97
10211	112
10212	106
10213	109
10214	94
10215	103
10216	87
10217	96
10218	84
10219	97
10220	111
10221	124
10222	110
10223	94
10224	105
10225	97
10226	105
10227	92
10228	97
10229	96
10230	97
10231	108
10232	88
10233	89
10234	116
10235	114
10236	100
10237	115
10238	110
10239	88
10240	107
10241	109
10242	113
10243	106
10244	75
10245	100
10246	89
10247	104
10248	86
10249	84
10250	98
10251	101
10252	101
10253	102
10254	96
10255	95
10256	108
10257	115
10258	97
10259	112
10260	114
10261	88
10262	105
10263	118
10264	105
10265	95
10266	101
10267	113
10268	108
10269	81
10270	76
10271	106
10272	93
10273	98
10274	109
10275	99
10276	95
10277	94
10278	110
10279	89
10280	96
10281	110
10282	115
10283	85
10284	100
10285	92
10286	106
10287	104
10288	88
10289	79
10290	107
10291	110
10292	104
10293	88
10294	105
10295	93
10296	88
10297	115
10298	102
10299	86
10300	84
10301	89
10302	99
10303	104
10304	99
10305	108
10306	93
10307	97
10308	95
10309	90
10310	99
10311	94
10312	101
10313	89
10314	94
10315	113
10316	98
10317	106
10318	74
10319	106
10320	99
10321	96
10322	94
10323	102
10324	102
10325	103
10326	103
10327	103
10328	101
10329	117
10330	87
10331	102
10332	101
10333	96
10334	95
10335	91
10336	108
10337	99
10338	109
10339	94
10340	78
10341	94
10342	127
10343	112
10344	93
10345	111
10346	106
10347	94
10348	97
10349	104
10350	93
10351	98
10352	106
10353	93
10354	105
10355	97
10356	105
10357	112
10358	84
10359	114
10360	96
10361	87
10362	109
10363	98
10364	97
10365	96
10366	100
10367	109
10368	109
10369	89
10370	101
10371	107
10372	108
10373	102
10374	98
10375	82
10376	94
10377	101
10378	120
10379	84
10380	104
10381	109
10382	95
10383	109
10384	94
10385	94
10386	88
10387	96
10388	86
10389	118
10390	119
10391	86
10392	82
10393	99
10394	107
10395	86
10396	99
10397	112
10398	101
10399	123
10400	120
10401	100
10402	102
10403	101
10404	94
10405	109
10406	116
10407	75
10408	91
10409	95
10410	98
10411	96
10412	91
10413	103
10414	90
10415	126
10416	97
10417	110
10418	111
10419	94
10420	95
10421	83
10422	84
10423	113
10424	108
10425	111
10426	88
10427	88
10428	87
10429	90
10430	89
10431	86
10432	115
10433	95
10434	115
10435	100
10436	122
10437	81
10438	98
10439	100
10440	108
10441	98
10442	99
10443	124
10444	128
10445	77
10446	104
10447	100
10448	109
10449	112
10450	117
10451	108
10452	91
10453	95
10454	111
10455	105
10456	92
10457	104
10458	95
10459	107
10460	105
10461	99
10462	95
10463	95
10464	107
10465	98
10466	98
10467	86
10468	90
10469	93
10470	107
10471	110
10472	117
10473	92
10474	94
10475	104
10476	115
10477	92
10478	104
10479	99
10480	108
10481	87
10482	90
10483	87
10484	110
10485	111
10486	90
10487	101
10488	96
10489	98
10490	107
10491	106
10492	94
10493	109
10494	91
10495	95
10496	98
10497	89
10498	88
10499	93
10500	97
10501	92
10502	97
10503	99
10504	107
10505	98
10506	96
10507	105
10508	111
10509	109
10510	108
10511	101
10512	93
10513	96
10514	91
10515	98
10516	115
10517	109
10518	93
10519	97
10520	101
10521	90
10522	114
10523	102
10524	107
10525	85
10526	96
10527	116
10528	108
10529	89
10530	91
10531	96
10532	100
10533	112
10534	80
10535	102
10536	105
10537	102
10538	113
10539	105
10540	81
10541	120
10542	74
10543	97
10544	116
10545	104
10546	89
10547	98
10548	89
10549	92
10550	112
10551	104
10552	96
10553	99
10554	100
10555	92
10556	82
10557	96
10558	95
10559	84
10560	98
10561	101
10562	107
10563	98
10564	91
10565	81
10566	88
10567	98
10568	118
10569	105
10570	110
10571	97
10572	91
10573	91
10574	95
10575	99
10576	101
10577	96
10578	97
10579	92
10580	106
10581	85
10582	84
10583	87
10584	102
10585	113
10586	102
10587	98
10588	92
10589	95
10590	107
10591	102
10592	112
10593	123
10594	120
10595	99
10596	107
10597	102
10598	102
10599	92
10600	98
10601	103
10602	81
10603	95
10604	91
10605	101
10606	119
10607	82
10608	102
10609	102
10610	94
10611	101
10612	102
10613	98
10614	106
10615	103
10616	125
10617	100
10618	102
10619	90
10620	82
10621	97
10622	111
10623	89
10624	87
10625	87
10626	95
10627	117
10628	83
10629	133
10630	108
10631	96
10632	111
10633	92
10634	95
10635	92
10636	100
10637	99
10638	98
10639	80
10640	87
10641	100
10642	81
10643	96
10644	84
10645	100
10646	99
10647	88
10648	107
10649	95
10650	96
10651	95
10652	98
10653	98
10654	120
10655	91
10656	97
10657	92
10658	76
10659	95
10660	105
10661	104
10662	92
10663	102
10664	103
10665	86
10666	82
10667	88
10668	94
10669	98
10670	96
10671	91
10672	87
10673	86
10674	113
10675	115
10676	91
10677	98
10678	94
10679	103
10680	95
10681	90
10682	109
10683	87
10684	99
10685	109
10686	102
10687	94
10688	93
10689	97
10690	92
10691	93
10692	99
10693	123
10694	104
10695	107
10696	106
10697	102
10698	102
10699	74
10700	76
10701	111
10702	100
10703	110
10704	98
10705	114
10706	102
10707	96
10708	104
10709	91
10710	117
10711	106
10712	81
10713	101
10714	93
10715	93
10716	99
10717	101
10718	92
10719	110
10720	93
10721	111
10722	86
10723	87
10724	103
10725	108
10726	94
10727	91
10728	98
10729	117
10730	96
10731	95
10732	94
10733	88
10734	108
10735	89
10736	105
10737	87
10738	108
10739	102
10740	115
10741	98
10742	91
10743	96
10744	86
10745	103
10746	115
10747	102
10748	117
10749	99
10750	109
10751	98
10752	107
10753	107
10754	101
10755	82
10756	100
10757	121
10758	106
10759	98
10760	101
10761	82
10762	101
10763	100
10764	84
10765	112
10766	103
10767	85
10768	102
10769	122
10770	87
10771	86
10772	97
10773	85
10774	86
10775	99
10776	91
10777	115
10778	102
10779	73
10780	94
10781	86
10782	97
10783	103
10784	92
10785	83
10786	98
10787	113
10788	98
10789	112
10790	107
10791	105
10792	94
10793	91
10794	96
10795	97
10796	96
10797	111
10798	107
10799	86
10800	104
10801	111
10802	100
10803	101
10804	94
10805	98
10806	96
10807	100
10808	102
10809	105
10810	110
10811	91
10812	89
10813	101
10814	102
10815	99
10816	93
10817	100
10818	116
10819	98
10820	109
10821	103
10822	108
10823	93
10824	88
10825	91
10826	88
10827	96
10828	108
10829	92
10830	98
10831	104
10832	74
10833	104
10834	93
10835	108
10836	88
10837	108
10838	113
10839	108
10840	94
10841	98
10842	93
10843	82
10844	97
10845	90
10846	90
10847	97
10848	104
10849	98
10850	96
10851	134
10852	122
10853	102
10854	99
10855	100
10856	101
10857	103
10858	102
10859	100
10860	96
10861	107
10862	102
10863	110
10864	87
10865	128
10866	109
10867	94
10868	81
10869	99
10870	123
10871	109
10872	100
10873	99
10874	85
10875	89
10876	94
10877	86
10878	104
10879	119
10880	100
10881	99
10882	82
10883	93
10884	89
10885	112
10886	85
10887	89
10888	101
10889	90
10890	89
10891	92
10892	103
10893	97
10894	106
10895	104
10896	83
10897	96
10898	97
10899	114
10900	110
10901	93
10902	106
10903	100
10904	117
10905	116
10906	112
10907	118
10908	98
10909	88
10910	104
10911	89
10912	88
10913	113
10914	97
10915	111
10916	91
10917	107
10918	97
10919	102
10920	98
10921	103
10922	123
10923	99
10924	90
10925	92
10926	104
10927	92
10928	94
10929	108
10930	87
10931	100
10932	102
10933	85
10934	100
10935	99
10936	86
10937	109
10938	82
10939	107
10940	128
10941	124
10942	87
10943	89
10944	88
10945	104
10946	106
10947	87
10948	89
10949	101
10950	98
10951	94
10952	117
10953	111
10954	100
10955	109
10956	95
10957	99
10958	117
10959	88
10960	114
10961	111
10962	92
10963	113
10964	95
10965	87
10966	94
10967	106
10968	80
10969	95
10970	103
10971	106
10972	85
10973	109
10974	87
10975	99
10976	95
10977	93
10978	87
10979	97
10980	127
10981	104
10982	117
10983	117
10984	116
10985	107
10986	93
10987	90
10988	110
10989	84
10990	83
10991	89
10992	120
10993	92
10994	87
10995	98
10996	105
10997	96
10998	93
10999	101
11000	108
11001	87
11002	111
11003	129
11004	96
11005	106
11006	106
11007	125
11008	97
11009	87
11010	85
11011	103
11012	92
11013	104
11014	89
11015	92
11016	120
11017	104
11018	106
11019	104
11020	110
11021	91
11022	90
11023	84
11024	94
11025	106
11026	97
11027	78
11028	85
11029	89
11030	112
11031	94
11032	104
11033	95
11034	109
11035	115
11036	97
11037	91
11038	105
11039	113
11040	107
11041	103
11042	108
11043	115
11044	97
11045	97
11046	91
11047	95
11048	101
11049	96
11050	121
11051	101
11052	96
11053	98
11054	105
11055	108
11056	70
11057	109
11058	108
11059	108
11060	109
11061	107
11062	94
11063	80
11064	108
11065	105
11066	100
11067	86
11068	88
11069	97
11070	106
11071	115
11072	115
11073	86
11074	89
11075	106
11076	118
11077	104
11078	92
11079	97
11080	98
11081	91
11082	110
11083	98
11084	115
11085	84
11086	109
11087	110
11088	90
11089	85
11090	97
11091	97
11092	100
11093	89
11094	103
11095	99
11096	102
11097	88
11098	93
11099	107
11100	93
11101	103
11102	100
11103	100
11104	113
11105	95
11106	95
11107	120
11108	86
11109	117
11110	111
11111	110
11112	95
11113	104
11114	108
11115	94
11116	96
11117	104
11118	81
11119	93
11120	116
11121	106
11122	110
11123	86
11124	118
11125	106
11126	92
11127	84
11128	114
11129	104
11130	74
11131	102
11132	101
11133	106
11134	82
11135	112
11136	100
11137	108
11138	97
11139	95
11140	100
11141	125
11142	99
11143	116
11144	101
11145	101
11146	102
11147	94
11148	95
11149	112
11150	114
11151	100
11152	100
11153	109
11154	106
11155	89
11156	104
11157	99
11158	120
11159	102
11160	101
11161	110
11162	106
11163	94
11164	88
11165	99
11166	88
11167	81
11168	96
11169	96
11170	103
11171	104
11172	81
11173	103
11174	91
11175	103
11176	105
11177	104
11178	100
11179	101
11180	98
11181	107
11182	98
11183	96
11184	90
11185	109
11186	80
11187	118
11188	94
11189	98
11190	111
11191	114
11192	91
11193	102
11194	120
11195	111
11196	100
11197	79
11198	97
11199	87
11200	84
11201	92
11202	97
11203	102
11204	86
11205	90
11206	87
11207	91
11208	93
11209	105
11210	100
11211	101
11212	113
11213	104
11214	110
11215	110
11216	108
11217	100
11218	90
11219	84
11220	123
11221	88
11222	121
11223	95
11224	91
11225	92
11226	76
11227	105
11228	86
11229	94
11230	107
11231	118
11232	101
11233	100
11234	100
11235	104
11236	84
11237	79
11238	106
11239	102
11240	114
11241	120
11242	92
11243	101
11244	82
11245	83
11246	109
11247	96
11248	114
11249	93
11250	101
11251	116
11252	113
11253	87
11254	85
11255	93
11256	118
11257	98
11258	114
11259	83
11260	96
11261	95
11262	113
11263	109
11264	112
11265	92
11266	130
11267	100
11268	86
11269	112
11270	100
11271	115
11272	114
11273	117
11274	108
11275	110
11276	107
11277	101
11278	86
11279	101
11280	92
11281	99
11282	86
11283	97
11284	102
11285	111
11286	106
11287	111
11288	117
11289	99
11290	95
11291	84
11292	127
11293	96
11294	78
11295	96
11296	106
11297	113
11298	108
11299	82
11300	101
11301	96
11302	95
11303	105
11304	106
11305	117
11306	96
11307	110
11308	102
11309	71
11310	112
11311	100
11312	105
11313	114
11314	99
11315	111
11316	96
11317	102
11318	102
11319	94
11320	121
11321	103
11322	118
11323	105
11324	94
11325	98
11326	94
11327	101
11328	96
11329	96
11330	103
11331	86
11332	102
11333	91
11334	79
11335	105
11336	111
11337	98
11338	106
11339	103
11340	91
11341	95
11342	85
11343	93
11344	91
11345	94
11346	108
11347	95
11348	105
11349	92
11350	95
11351	104
11352	103
11353	91
11354	95
11355	106
11356	93
11357	124
11358	96
11359	98
11360	105
11361	117
11362	99
11363	110
11364	73
11365	108
11366	110
11367	109
11368	86
11369	94
11370	103
11371	80
11372	97
11373	102
11374	101
11375	92
11376	97
11377	110
11378	90
11379	116
11380	74
11381	94
11382	112
11383	119
11384	91
11385	100
11386	98
11387	97
11388	97
11389	95
11390	101
11391	99
11392	105
11393	96
11394	91
11395	106
11396	104
11397	107
11398	117
11399	72
11400	103
11401	99
11402	106
11403	104
11404	99
11405	94
11406	101
11407	114
11408	90
11409	104
11410	102
11411	107
11412	98
11413	94
11414	89
11415	94
11416	108
11417	91
11418	92
11419	107
11420	86
11421	99
11422	84
11423	108
11424	101
11425	98
11426	98
11427	119
11428	88
11429	114
11430	101
11431	115
11432	95
11433	103
11434	90
11435	108
11436	96
11437	94
11438	102
11439	118
11440	101
11441	99
11442	107
11443	107
11444	115
11445	93
11446	114
11447	95
11448	109
11449	88
11450	104
11451	111
11452	106
11453	108
11454	105
11455	102
11456	101
11457	92
11458	88
11459	93
11460	80
11461	104
11462	86
11463	101
11464	109
11465	105
11466	102
11467	126
11468	102
11469	107
11470	97
11471	97
11472	99
11473	113
11474	96
11475	105
11476	104
11477	85
11478	93
11479	96
11480	99
11481	113
11482	93
11483	92
11484	108
11485	99
11486	100
11487	99
11488	95
11489	100
11490	97
11491	130
11492	97
11493	87
11494	82
11495	110
11496	110
11497	91
11498	108
11499	90
11500	97
11501	120
11502	100
11503	110
11504	98
11505	102
11506	86
11507	65
11508	97
11509	95
11510	96
11511	99
11512	91
11513	119
11514	106
11515	119
11516	95
11517	113
11518	102
11519	107
11520	92
11521	100
11522	80
11523	115
11524	96
11525	120
11526	99
11527	99
11528	92
11529	113
11530	119
11531	98
11532	89
11533	98
11534	121
11535	94
11536	98
11537	108
11538	89
11539	109
11540	94
11541	104
11542	103
11543	120
11544	103
11545	81
11546	111
11547	100
11548	110
11549	112
11550	93
11551	108
11552	85
11553	97
11554	83
11555	94
11556	97
11557	101
11558	95
11559	101
11560	94
11561	78
11562	83
11563	97
11564	90
11565	119
11566	99
11567	110
11568	103
11569	87
11570	105
11571	98
11572	106
11573	90
11574	80
11575	104
11576	97
11577	106
11578	104
11579	90
11580	100
11581	89
11582	100
11583	91
11584	90
11585	94
11586	102
11587	76
11588	108
11589	111
11590	107
11591	102
11592	101
11593	95
11594	95
11595	102
11596	86
11597	99
11598	101
11599	105
11600	99
11601	120
11602	104
11603	112
11604	85
11605	109
11606	94
11607	99
11608	74
11609	94
11610	100
11611	111
11612	111
11613	111
11614	101
11615	95
11616	93
11617	91
11618	104
11619	97
11620	93
11621	117
11622	96
11623	102
11624	106
11625	99
11626	84
11627	110
11628	93
11629	94
11630	102
11631	106
11632	98
11633	109
11634	111
11635	96
11636	92
11637	121
11638	87
11639	101
11640	98
11641	83
11642	96
11643	92
11644	98
11645	89
11646	91
11647	85
11648	110
11649	98
11650	94
11651	96
11652	85
11653	111
11654	102
11655	88
11656	120
11657	98
11658	88
11659	111
11660	98
11661	110
11662	97
11663	103
11664	110
11665	107
11666	102
11667	106
11668	90
11669	115
11670	86
11671	101
11672	87
11673	86
11674	111
11675	77
11676	101
11677	104
11678	98
11679	112
11680	117
11681	99
11682	106
11683	111
11684	103
11685	112
11686	112
11687	89
11688	110
11689	107
11690	94
11691	117
11692	103
11693	100
11694	98
11695	110
11696	93
11697	89
11698	99
11699	103
11700	93
11701	114
11702	89
11703	93
11704	91
11705	92
11706	94
11707	110
11708	110
11709	118
11710	104
11711	105
11712	94
11713	96
11714	105
11715	100
11716	95
11717	103
11718	98
11719	93
11720	98
11721	109
11722	99
11723	98
11724	111
11725	96
11726	87
11727	88
11728	115
11729	104
11730	101
11731	101
11732	109
11733	110
11734	90
11735	101
11736	112
11737	104
11738	85
11739	98
11740	87
11741	116
11742	104
11743	86
11744	88
11745	87
11746	88
11747	102
11748	78
11749	80
11750	105
11751	119
11752	103
11753	99
11754	87
11755	115
11756	113
11757	106
11758	99
11759	103
11760	108
11761	99
11762	99
11763	83
11764	100
11765	88
11766	102
11767	95
11768	91
11769	84
11770	82
11771	114
11772	106
11773	84
11774	91
11775	89
11776	82
11777	82
11778	89
11779	106
11780	91
11781	111
11782	106
11783	96
11784	105
11785	97
11786	104
11787	95
11788	93
11789	82
11790	105
11791	110
11792	98
11793	94
11794	105
11795	105
11796	110
11797	89
11798	70
11799	100
11800	111
11801	98
11802	106
11803	104
11804	105
11805	119
11806	102
11807	94
11808	84
11809	107
11810	100
11811	102
11812	108
11813	109
11814	112
11815	110
11816	95
11817	117
11818	93
11819	99
11820	90
11821	108
11822	93
11823	74
11824	92
11825	110
11826	87
11827	113
11828	99
11829	107
11830	105
11831	101
11832	85
11833	111
11834	105
11835	105
11836	84
11837	100
11838	89
11839	104
11840	104
11841	91
11842	121
11843	104
11844	101
11845	113
11846	115
11847	102
11848	91
11849	89
11850	92
11851	91
11852	117
11853	126
11854	94
11855	97
11856	96
11857	96
11858	93
11859	94
11860	112
11861	109
11862	80
11863	101
11864	120
11865	95
11866	94
11867	112
11868	84
11869	120
11870	98
11871	91
11872	94
11873	78
11874	114
11875	109
11876	97
11877	112
11878	90
11879	85
11880	109
11881	90
11882	107
11883	101
11884	115
11885	96
11886	111
11887	95
11888	108
11889	113
11890	78
11891	115
11892	96
11893	99
11894	104
11895	94
11896	116
11897	92
11898	77
11899	112
11900	98
11901	97
11902	102
11903	88
11904	88
11905	89
11906	99
11907	102
11908	100
11909	95
11910	108
11911	107
11912	116
11913	99
11914	115
11915	91
11916	95
11917	89
11918	100
11919	121
11920	93
11921	87
11922	87
11923	88
11924	113
11925	94
11926	109
11927	96
11928	94
11929	84
11930	104
11931	98
11932	97
11933	94
11934	98
11935	90
11936	113
11937	114
11938	89
11939	102
11940	97
11941	112
11942	95
11943	83
11944	109
11945	90
11946	100
11947	87
11948	92
11949	77
11950	95
11951	94
11952	71
11953	103
11954	93
11955	96
11956	95
11957	96
11958	100
11959	91
11960	100
11961	105
11962	88
11963	107
11964	102
11965	102
11966	93
11967	109
11968	90
11969	97
11970	118
11971	90
11972	105
11973	97
11974	105
11975	101
11976	83
11977	86
11978	102
11979	106
11980	107
11981	124
11982	99
11983	80
11984	104
11985	107
11986	99
11987	103
11988	105
11989	97
11990	102
11991	88
11992	101
11993	94
11994	113
11995	85
11996	97
11997	88
11998	98
11999	103
12000	104
12001	104
12002	112
12003	96
12004	88
12005	105
12006	114
12007	113
12008	100
12009	98
12010	98
12011	117
12012	101
12013	94
12014	101
12015	107
12016	109
12017	100
12018	93
12019	92
12020	97
12021	109
12022	110
12023	102
12024	88
12025	91
12026	103
12027	108
12028	96
12029	99
12030	87
12031	86
12032	92
12033	100
12034	90
12035	113
12036	91
12037	94
12038	102
12039	99
12040	93
12041	88
12042	103
12043	113
12044	100
12045	96
12046	95
12047	100
12048	118
12049	96
12050	107
12051	97
12052	103
12053	103
12054	112
12055	92
12056	97
12057	75
12058	104
12059	105
12060	93
12061	89
12062	121
12063	89
12064	114
12065	95
12066	106
12067	101
12068	99
12069	91
12070	92
12071	103
12072	102
12073	109
12074	111
12075	86
12076	90
12077	95
12078	92
12079	96
12080	104
12081	103
12082	97
12083	92
12084	118
12085	95
12086	100
12087	98
12088	81
12089	106
12090	86
12091	99
12092	103
12093	92
12094	105
12095	105
12096	113
12097	91
12098	112
12099	103
12100	109
12101	101
12102	111
12103	120
12104	91
12105	99
12106	116
12107	97
12108	109
12109	77
12110	105
12111	97
12112	101
12113	107
12114	86
12115	100
12116	103
12117	98
12118	83
12119	109
12120	106
12121	108
12122	91
12123	87
12124	82
12125	88
12126	88
12127	116
12128	88
12129	110
12130	112
12131	102
12132	109
12133	88
12134	96
12135	108
12136	116
12137	108
12138	88
12139	101
12140	98
12141	117
12142	102
12143	98
12144	83
12145	109
12146	115
12147	96
12148	88
12149	126
12150	103
12151	82
12152	90
12153	95
12154	106
12155	97
12156	99
12157	95
12158	113
12159	106
12160	108
12161	108
12162	100
12163	105
12164	111
12165	97
12166	95
12167	94
12168	90
12169	118
12170	114
12171	98
12172	103
12173	93
12174	87
12175	95
12176	107
12177	100
12178	107
12179	110
12180	88
12181	110
12182	94
12183	92
12184	101
12185	106
12186	92
12187	107
12188	99
12189	121
12190	93
12191	111
12192	105
12193	84
12194	111
12195	93
12196	102
12197	104
12198	104
12199	106
12200	96
12201	116
12202	107
12203	93
12204	88
12205	112
12206	86
12207	91
12208	97
12209	121
12210	100
12211	100
12212	89
12213	100
12214	103
12215	103
12216	104
12217	118
12218	104
12219	103
12220	102
12221	102
12222	94
12223	82
12224	104
12225	88
12226	98
12227	106
12228	118
12229	110
12230	92
12231	90
12232	101
12233	95
12234	86
12235	97
12236	102
12237	101
12238	103
12239	99
12240	103
12241	95
12242	100
12243	114
12244	104
12245	109
12246	93
12247	119
12248	102
12249	93
12250	116
12251	102
12252	101
12253	104
12254	107
12255	93
12256	98
12257	97
12258	85
12259	89
12260	104
12261	109
12262	107
12263	114
12264	98
12265	104
12266	99
12267	101
12268	94
12269	90
12270	120
12271	95
12272	103
12273	98
12274	105
12275	84
12276	82
12277	101
12278	96
12279	104
12280	118
12281	108
12282	103
12283	117
12284	115
12285	105
12286	87
12287	109
12288	98
12289	80
12290	102
12291	111
12292	115
12293	107
12294	107
12295	109
12296	102
12297	91
12298	96
12299	93
12300	108
12301	107
12302	89
12303	97
12304	88
12305	101
12306	103
12307	108
12308	102
12309	104
12310	95
12311	101
12312	90
12313	106
12314	117
12315	90
12316	101
12317	101
12318	106
12319	120
12320	92
12321	85
12322	89
12323	98
12324	89
12325	100
12326	105
12327	96
12328	111
12329	89
12330	91
12331	102
12332	114
12333	104
12334	97
12335	111
12336	103
12337	94
12338	92
12339	95
12340	88
12341	88
12342	107
12343	78
12344	120
12345	104
12346	105
12347	91
12348	101
12349	95
12350	94
12351	91
12352	94
12353	93
12354	104
12355	97
12356	110
12357	100
12358	109
12359	103
12360	93
12361	101
12362	105
12363	109
12364	91
12365	114
12366	78
12367	94
12368	95
12369	102
12370	103
12371	105
12372	102
12373	86
12374	92
12375	122
12376	97
12377	102
12378	114
12379	106
12380	92
12381	99
12382	87
12383	100
12384	104
12385	89
12386	96
12387	79
12388	91
12389	93
12390	97
12391	109
12392	100
12393	99
12394	102
12395	93
12396	95
12397	95
12398	95
12399	98
12400	78
12401	96
12402	113
12403	102
12404	93
12405	110
12406	105
12407	100
12408	88
12409	106
12410	115
12411	104
12412	88
12413	98
12414	98
12415	105
12416	94
12417	105
12418	93
12419	83
12420	121
12421	106
12422	114
12423	94
12424	91
12425	101
12426	101
12427	89
12428	104
12429	91
12430	89
12431	97
12432	90
12433	102
12434	105
12435	80
12436	91
12437	106
12438	117
12439	98
12440	97
12441	111
12442	106
12443	89
12444	86
12445	102
12446	100
12447	109
12448	103
12449	99
12450	99
12451	99
12452	94
12453	109
12454	95
12455	92
12456	104
12457	99
12458	124
12459	97
12460	93
12461	106
12462	109
12463	100
12464	98
12465	104
12466	112
12467	113
12468	112
12469	107
12470	104
12471	112
12472	89
12473	120
12474	102
12475	95
12476	121
12477	123
12478	85
12479	106
12480	87
12481	99
12482	102
12483	103
12484	88
12485	85
12486	121
12487	107
12488	105
12489	113
12490	91
12491	100
12492	93
12493	102
12494	104
12495	116
12496	101
12497	102
12498	119
12499	87
12500	95
12501	92
12502	116
12503	104
12504	104
12505	81
12506	84
12507	92
12508	109
12509	109
12510	107
12511	112
12512	91
12513	107
12514	106
12515	105
12516	89
12517	101
12518	101
12519	122
12520	110
12521	119
12522	112
12523	93
12524	103
12525	126
12526	93
12527	101
12528	95
12529	103
12530	106
12531	116
12532	113
12533	79
12534	98
12535	108
12536	96
12537	108
12538	98
12539	98
12540	106
12541	105
12542	104
12543	101
12544	86
12545	106
12546	108
12547	112
12548	98
12549	90
12550	98
12551	103
12552	103
12553	107
12554	98
12555	103
12556	103
12557	108
12558	106
12559	98
12560	102
12561	97
12562	96
12563	114
12564	98
12565	101
12566	94
12567	97
12568	114
12569	110
12570	96
12571	109
12572	80
12573	91
12574	101
12575	121
12576	106
12577	111
12578	95
12579	109
12580	102
12581	114
12582	101
12583	117
12584	91
12585	94
12586	86
12587	98
12588	78
12589	104
12590	106
12591	93
12592	112
12593	114
12594	88
12595	92
12596	99
12597	102
12598	90
12599	84
12600	118
12601	105
12602	104
12603	93
12604	94
12605	95
12606	86
12607	85
12608	107
12609	98
12610	96
12611	113
12612	87
12613	85
12614	90
12615	109
12616	89
12617	122
12618	105
12619	102
12620	95
12621	94
12622	104
12623	102
12624	85
12625	86
12626	109
12627	91
12628	86
12629	91
12630	116
12631	105
12632	123
12633	91
12634	117
12635	79
12636	80
12637	107
12638	101
12639	106
12640	88
12641	91
12642	98
12643	83
12644	99
12645	92
12646	102
12647	99
12648	101
12649	85
12650	132
12651	106
12652	93
12653	104
12654	99
12655	110
12656	99
12657	107
12658	113
12659	115
12660	101
12661	109
12662	91
12663	109
12664	94
12665	93
12666	101
12667	106
12668	96
12669	103
12670	102
12671	100
12672	86
12673	85
12674	90
12675	100
12676	101
12677	98
12678	109
12679	113
12680	82
12681	93
12682	81
12683	107
12684	91
12685	99
12686	104
12687	92
12688	117
12689	88
12690	89
12691	104
12692	81
12693	106
12694	78
12695	113
12696	91
12697	96
12698	110
12699	104
12700	98
12701	113
12702	109
12703	88
12704	105
12705	97
12706	98
12707	99
12708	90
12709	96
12710	98
12711	113
12712	110
12713	87
12714	120
12715	104
12716	100
12717	104
12718	114
12719	99
12720	108
12721	94
12722	111
12723	71
12724	102
12725	104
12726	112
12727	92
12728	105
12729	88
12730	93
12731	99
12732	102
12733	101
12734	123
12735	93
12736	106
12737	98
12738	97
12739	93
12740	90
12741	90
12742	92
12743	94
12744	106
12745	116
12746	125
12747	102
12748	107
12749	112
12750	99
12751	111
12752	110
12753	90
12754	100
12755	97
12756	100
12757	101
12758	107
12759	100
12760	102
12761	88
12762	103
12763	95
12764	98
12765	99
12766	99
12767	95
12768	94
12769	114
12770	83
12771	114
12772	96
12773	92
12774	96
12775	134
12776	97
12777	111
12778	102
12779	93
12780	98
12781	103
12782	109
12783	100
12784	106
12785	104
12786	86
12787	93
12788	95
12789	88
12790	106
12791	110
12792	107
12793	94
12794	78
12795	103
12796	92
12797	104
12798	113
12799	95
12800	81
12801	91
12802	94
12803	113
12804	102
12805	97
12806	99
12807	104
12808	93
12809	101
12810	95
12811	91
12812	74
12813	99
12814	86
12815	89
12816	78
12817	102
12818	87
12819	85
12820	106
12821	92
12822	112
12823	94
12824	96
12825	118
12826	95
12827	104
12828	96
12829	100
12830	107
12831	98
12832	101
12833	105
12834	92
12835	98
12836	105
12837	100
12838	85
12839	104
12840	110
12841	90
12842	92
12843	102
12844	100
12845	98
12846	95
12847	89
12848	108
12849	98
12850	90
12851	107
12852	91
12853	103
12854	99
12855	108
12856	102
12857	100
12858	100
12859	103
12860	94
12861	114
12862	107
12863	100
12864	115
12865	99
12866	111
12867	98
12868	88
12869	96
12870	94
12871	80
12872	119
12873	104
12874	94
12875	100
12876	100
12877	99
12878	96
12879	105
12880	97
12881	106
12882	114
12883	108
12884	101
12885	100
12886	92
12887	103
12888	95
12889	92
12890	91
12891	100
12892	103
12893	87
12894	88
12895	87
12896	102
12897	92
12898	104
12899	89
12900	117
12901	112
12902	87
12903	92
12904	110
12905	94
12906	106
12907	106
12908	87
12909	106
12910	101
12911	89
12912	121
12913	84
12914	99
12915	92
12916	98
12917	97
12918	106
12919	95
12920	98
12921	101
12922	101
12923	99
12924	107
12925	87
12926	112
12927	107
12928	108
12929	95
12930	88
12931	106
12932	97
12933	103
12934	88
12935	89
12936	86
12937	105
12938	89
12939	84
12940	107
12941	101
12942	103
12943	103
12944	98
12945	79
12946	101
12947	105
12948	84
12949	98
12950	116
12951	110
12952	99
12953	115
12954	89
12955	118
12956	95
12957	115
12958	105
12959	86
12960	97
12961	110
12962	91
12963	86
12964	98
12965	90
12966	88
12967	117
12968	97
12969	123
12970	91
12971	100
12972	110
12973	108
12974	122
12975	102
12976	102
12977	87
12978	105
12979	98
12980	99
12981	95
12982	106
12983	109
12984	102
12985	107
12986	106
12987	98
12988	112
12989	93
12990	101
12991	95
12992	98
12993	105
12994	96
12995	82
12996	115
12997	113
12998	100
12999	94
13000	96
13001	104
13002	81
13003	91
13004	100
13005	116
13006	109
13007	98
13008	92
13009	110
13010	102
13011	86
13012	102
13013	108
13014	100
13015	114
13016	93
13017	80
13018	102
13019	92
13020	109
13021	119
13022	93
13023	97
13024	91
13025	107
13026	99
13027	98
13028	101
13029	105
13030	106
13031	102
13032	93
13033	93
13034	100
13035	97
13036	110
13037	85
13038	109
13039	110
13040	82
13041	124
13042	99
13043	95
13044	91
13045	86
13046	114
13047	102
13048	94
13049	99
13050	91
13051	101
13052	96
13053	83
13054	100
13055	110
13056	98
13057	116
13058	117
13059	97
13060	113
13061	100
13062	91
13063	104
13064	87
13065	108
13066	97
13067	101
13068	94
13069	111
13070	106
13071	110
13072	109
13073	98
13074	107
13075	101
13076	99
13077	92
13078	101
13079	85
13080	95
13081	102
13082	113
13083	104
13084	102
13085	103
13086	116
13087	104
13088	109
13089	100
13090	100
13091	94
13092	101
13093	98
13094	96
13095	99
13096	87
13097	101
13098	109
13099	106
13100	93
13101	104
13102	79
13103	103
13104	92
13105	103
13106	105
13107	94
13108	89
13109	98
13110	106
13111	98
13112	90
13113	103
13114	115
13115	96
13116	91
13117	105
13118	109
13119	104
13120	106
13121	108
13122	103
13123	96
13124	106
13125	98
13126	95
13127	83
13128	99
13129	91
13130	105
13131	87
13132	89
13133	101
13134	104
13135	99
13136	109
13137	111
13138	102
13139	104
13140	119
13141	117
13142	105
13143	101
13144	104
13145	96
13146	93
13147	93
13148	109
13149	89
13150	99
13151	83
13152	105
13153	95
13154	93
13155	94
13156	81
13157	90
13158	89
13159	90
13160	101
13161	94
13162	94
13163	108
13164	117
13165	88
13166	95
13167	104
13168	100
13169	97
13170	105
13171	103
13172	95
13173	104
13174	98
13175	84
13176	94
13177	111
13178	78
13179	107
13180	105
13181	95
13182	97
13183	85
13184	102
13185	98
13186	104
13187	107
13188	101
13189	103
13190	96
13191	94
13192	96
13193	107
13194	107
13195	96
13196	98
13197	91
13198	95
13199	105
13200	92
13201	91
13202	100
13203	87
13204	94
13205	88
13206	117
13207	110
13208	110
13209	107
13210	122
13211	109
13212	93
13213	90
13214	83
13215	101
13216	94
13217	87
13218	88
13219	94
13220	104
13221	105
13222	101
13223	95
13224	104
13225	88
13226	99
13227	97
13228	103
13229	106
13230	88
13231	107
13232	101
13233	114
13234	84
13235	95
13236	89
13237	99
13238	91
13239	125
13240	109
13241	122
13242	107
13243	113
13244	94
13245	117
13246	115
13247	100
13248	104
13249	99
13250	101
13251	123
13252	99
13253	114
13254	107
13255	115
13256	102
13257	113
13258	97
13259	99
13260	101
13261	99
13262	108
13263	101
13264	95
13265	109
13266	91
13267	102
13268	110
13269	89
13270	95
13271	87
13272	95
13273	96
13274	102
13275	86
13276	91
13277	88
13278	87
13279	107
13280	84
13281	107
13282	109
13283	93
13284	82
13285	116
13286	127
13287	105
13288	106
13289	78
13290	97
13291	106
13292	101
13293	107
13294	104
13295	104
13296	100
13297	85
13298	94
13299	94
13300	104
13301	86
13302	110
13303	86
13304	87
13305	92
13306	122
13307	87
13308	92
13309	110
13310	96
13311	95
13312	95
13313	99
13314	96
13315	97
13316	106
13317	91
13318	99
13319	108
13320	97
13321	108
13322	88
13323	112
13324	96
13325	99
13326	102
13327	112
13328	106
13329	91
13330	118
13331	115
13332	96
13333	104
13334	98
13335	95
13336	90
13337	113
13338	114
13339	114
13340	97
13341	93
13342	94
13343	86
13344	84
13345	102
13346	97
13347	97
13348	93
13349	92
13350	98
13351	119
13352	102
13353	105
13354	90
13355	103
13356	111
13357	88
13358	82
13359	86
13360	77
13361	115
13362	94
13363	90
13364	106
13365	94
13366	98
13367	100
13368	84
13369	93
13370	102
13371	82
13372	92
13373	106
13374	86
13375	103
13376	101
13377	93
13378	113
13379	90
13380	84
13381	110
13382	93
13383	97
13384	89
13385	73
13386	97
13387	105
13388	106
13389	100
13390	98
13391	110
13392	128
13393	85
13394	112
13395	89
13396	80
13397	110
13398	97
13399	96
13400	99
13401	97
13402	111
13403	83
13404	114
13405	110
13406	96
13407	90
13408	93
13409	106
13410	115
13411	97
13412	102
13413	92
13414	98
13415	90
13416	102
13417	94
13418	117
13419	92
13420	126
13421	102
13422	85
13423	87
13424	91
13425	91
13426	109
13427	98
13428	100
13429	120
13430	88
13431	84
13432	107
13433	100
13434	92
13435	100
13436	93
13437	89
13438	111
13439	108
13440	100
13441	91
13442	108
13443	94
13444	107
13445	122
13446	110
13447	96
13448	100
13449	100
13450	99
13451	81
13452	102
13453	108
13454	104
13455	94
13456	102
13457	109
13458	98
13459	98
13460	86
13461	101
13462	103
13463	92
13464	109
13465	85
13466	104
13467	91
13468	100
13469	94
13470	108
13471	116
13472	99
13473	97
13474	106
13475	111
13476	106
13477	96
13478	102
13479	107
13480	91
13481	104
13482	112
13483	113
13484	93
13485	91
13486	104
13487	89
13488	93
13489	113
13490	117
13491	104
13492	115
13493	99
13494	112
13495	96
13496	99
13497	100
13498	112
13499	87
13500	102
13501	103
13502	88
13503	95
13504	101
13505	91
13506	110
13507	101
13508	90
13509	106
13510	99
13511	101
13512	108
13513	106
13514	95
13515	91
13516	92
13517	107
13518	103
13519	100
13520	96
13521	103
13522	90
13523	92
13524	92
13525	93
13526	108
13527	91
13528	95
13529	105
13530	94
13531	87
13532	88
13533	83
13534	87
13535	99
13536	106
13537	98
13538	91
13539	104
13540	101
13541	113
13542	119
13543	104
13544	101
13545	94
13546	82
13547	92
13548	109
13549	87
13550	91
13551	113
13552	99
13553	126
13554	105
13555	87
13556	105
13557	88
13558	119
13559	90
13560	108
13561	106
13562	102
13563	101
13564	100
13565	100
13566	108
13567	91
13568	111
13569	109
13570	91
13571	90
13572	107
13573	75
13574	108
13575	90
13576	89
13577	110
13578	120
13579	94
13580	91
13581	96
13582	106
13583	85
13584	101
13585	100
13586	101
13587	99
13588	119
13589	88
13590	95
13591	93
13592	93
13593	93
13594	87
13595	81
13596	80
13597	96
13598	111
13599	111
13600	96
13601	106
13602	106
13603	82
13604	100
13605	118
13606	92
13607	93
13608	101
13609	96
13610	95
13611	99
13612	91
13613	106
13614	124
13615	96
13616	111
13617	97
13618	85
13619	91
13620	125
13621	94
13622	113
13623	109
13624	98
13625	109
13626	100
13627	96
13628	109
13629	87
13630	116
13631	111
13632	106
13633	94
13634	109
13635	101
13636	98
13637	100
13638	99
13639	100
13640	94
13641	115
13642	113
13643	107
13644	88
13645	86
13646	102
13647	88
13648	93
13649	120
13650	119
13651	104
13652	86
13653	90
13654	104
13655	106
13656	98
13657	84
13658	115
13659	100
13660	85
13661	96
13662	101
13663	94
13664	122
13665	94
13666	93
13667	98
13668	100
13669	112
13670	122
13671	104
13672	91
13673	104
13674	112
13675	101
13676	106
13677	108
13678	92
13679	110
13680	82
13681	113
13682	98
13683	119
13684	127
13685	95
13686	103
13687	111
13688	105
13689	99
13690	110
13691	109
13692	119
13693	99
13694	90
13695	120
13696	117
13697	107
13698	101
13699	117
13700	85
13701	103
13702	97
13703	98
13704	95
13705	85
13706	97
13707	102
13708	100
13709	104
13710	106
13711	83
13712	96
13713	109
13714	108
13715	104
13716	106
13717	92
13718	105
13719	110
13720	99
13721	93
13722	89
13723	104
13724	90
13725	96
13726	101
13727	87
13728	102
13729	102
13730	108
13731	92
13732	111
13733	98
13734	84
13735	90
13736	96
13737	108
13738	99
13739	81
13740	116
13741	89
13742	105
13743	124
13744	109
13745	103
13746	113
13747	96
13748	111
13749	82
13750	88
13751	104
13752	93
13753	92
13754	103
13755	91
13756	107
13757	96
13758	90
13759	105
13760	100
13761	98
13762	105
13763	120
13764	99
13765	97
13766	103
13767	101
13768	112
13769	80
13770	84
13771	92
13772	107
13773	102
13774	105
13775	107
13776	103
13777	107
13778	83
13779	84
13780	98
13781	101
13782	114
13783	85
13784	101
13785	113
13786	96
13787	97
13788	113
13789	101
13790	83
13791	93
13792	102
13793	103
13794	113
13795	106
13796	96
13797	90
13798	106
13799	106
13800	99
13801	92
13802	98
13803	91
13804	82
13805	82
13806	109
13807	106
13808	101
13809	119
13810	88
13811	104
13812	98
13813	112
13814	111
13815	106
13816	101
13817	87
13818	100
13819	83
13820	85
13821	112
13822	95
13823	101
13824	101
13825	95
13826	113
13827	100
13828	98
13829	107
13830	109
13831	91
13832	90
13833	105
13834	77
13835	97
13836	115
13837	93
13838	94
13839	85
13840	107
13841	102
13842	100
13843	126
13844	99
13845	83
13846	87
13847	91
13848	106
13849	91
13850	104
13851	103
13852	106
13853	101
13854	92
13855	101
13856	88
13857	92
13858	97
13859	108
13860	110
13861	88
13862	116
13863	108
13864	102
13865	112
13866	92
13867	94
13868	97
13869	112
13870	96
13871	84
13872	94
13873	108
13874	111
13875	113
13876	106
13877	94
13878	106
13879	111
13880	87
13881	108
13882	92
13883	108
13884	101
13885	98
13886	115
13887	119
13888	90
13889	101
13890	102
13891	111
13892	107
13893	104
13894	113
13895	105
13896	95
13897	109
13898	100
13899	101
13900	90
13901	106
13902	91
13903	81
13904	108
13905	95
13906	103
13907	103
13908	108
13909	98
13910	106
13911	103
13912	113
13913	99
13914	92
13915	99
13916	94
13917	96
13918	95
13919	90
13920	96
13921	103
13922	110
13923	102
13924	104
13925	95
13926	103
13927	94
13928	106
13929	106
13930	101
13931	96
13932	91
13933	104
13934	89
13935	92
13936	103
13937	103
13938	93
13939	103
13940	79
13941	121
13942	101
13943	108
13944	94
13945	96
13946	123
13947	97
13948	118
13949	86
13950	107
13951	108
13952	101
13953	96
13954	92
13955	105
13956	112
13957	102
13958	108
13959	100
13960	96
13961	105
13962	93
13963	91
13964	90
13965	105
13966	118
13967	95
13968	101
13969	106
13970	100
13971	100
13972	104
13973	105
13974	92
13975	107
13976	107
13977	82
13978	96
13979	122
13980	110
13981	95
13982	93
13983	91
13984	116
13985	121
13986	101
13987	113
13988	94
13989	95
13990	93
13991	101
13992	87
13993	102
13994	124
13995	100
13996	104
13997	105
13998	96
13999	99
14000	95
14001	78
14002	95
14003	106
14004	111
14005	117
14006	87
14007	97
14008	92
14009	103
14010	96
14011	103
14012	110
14013	103
14014	122
14015	97
14016	110
14017	95
14018	102
14019	110
14020	88
14021	100
14022	113
14023	107
14024	111
14025	103
14026	96
14027	88
14028	120
14029	110
14030	103
14031	104
14032	94
14033	123
14034	102
14035	99
14036	114
14037	101
14038	119
14039	113
14040	110
14041	102
14042	98
14043	103
14044	105
14045	95
14046	85
14047	87
14048	101
14049	107
14050	110
14051	104
14052	117
14053	96
14054	104
14055	91
14056	106
14057	95
14058	86
14059	101
14060	91
14061	93
14062	116
14063	92
14064	107
14065	94
14066	99
14067	115
14068	103
14069	100
14070	112
14071	87
14072	87
14073	101
14074	104
14075	120
14076	83
14077	84
14078	102
14079	92
14080	108
14081	105
14082	87
14083	111
14084	94
14085	86
14086	99
14087	120
14088	84
14089	102
14090	100
14091	111
14092	102
14093	114
14094	115
14095	85
14096	91
14097	96
14098	110
14099	99
14100	107
14101	109
14102	89
14103	112
14104	90
14105	103
14106	98
14107	109
14108	108
14109	88
14110	91
14111	100
14112	80
14113	105
14114	108
14115	101
14116	92
14117	117
14118	101
14119	106
14120	102
14121	99
14122	109
14123	93
14124	98
14125	87
14126	103
14127	102
14128	97
14129	106
14130	109
14131	91
14132	102
14133	81
14134	93
14135	103
14136	97
14137	108
14138	120
14139	92
14140	98
14141	103
14142	81
14143	85
14144	111
14145	113
14146	105
14147	106
14148	101
14149	106
14150	98
14151	104
14152	100
14153	111
14154	113
14155	84
14156	84
14157	95
14158	104
14159	81
14160	93
14161	111
14162	96
14163	99
14164	101
14165	95
14166	101
14167	96
14168	95
14169	104
14170	92
14171	87
14172	94
14173	85
14174	100
14175	93
14176	114
14177	109
14178	108
14179	105
14180	115
14181	107
14182	125
14183	102
14184	102
14185	110
14186	105
14187	87
14188	113
14189	97
14190	113
14191	113
14192	115
14193	96
14194	93
14195	85
14196	99
14197	112
14198	79
14199	105
14200	97
14201	92
14202	89
14203	100
14204	108
14205	103
14206	99
14207	91
14208	91
14209	97
14210	92
14211	94
14212	104
14213	101
14214	96
14215	105
14216	120
14217	113
14218	103
14219	104
14220	107
14221	104
14222	112
14223	98
14224	81
14225	95
14226	115
14227	106
14228	104
14229	95
14230	95
14231	95
14232	88
14233	102
14234	99
14235	97
14236	105
14237	103
14238	89
14239	106
14240	98
14241	96
14242	113
14243	56
14244	93
14245	103
14246	116
14247	97
14248	112
14249	91
14250	89
14251	112
14252	104
14253	91
14254	97
14255	90
14256	95
14257	120
14258	104
14259	102
14260	99
14261	89
14262	79
14263	112
14264	103
14265	120
14266	90
14267	107
14268	92
14269	99
14270	94
14271	109
14272	101
14273	98
14274	87
14275	115
14276	106
14277	94
14278	89
14279	93
14280	92
14281	96
14282	84
14283	115
14284	102
14285	105
14286	95
14287	104
14288	97
14289	112
14290	95
14291	103
14292	106
14293	106
14294	87
14295	97
14296	99
14297	102
14298	128
14299	111
14300	99
14301	109
14302	99
14303	102
14304	111
14305	99
14306	100
14307	106
14308	96
14309	118
14310	83
14311	88
14312	85
14313	90
14314	89
14315	110
14316	100
14317	75
14318	104
14319	107
14320	103
14321	89
14322	98
14323	92
14324	101
14325	78
14326	102
14327	86
14328	103
14329	99
14330	107
14331	96
14332	113
14333	94
14334	109
14335	118
14336	107
14337	95
14338	122
14339	96
14340	89
14341	91
14342	70
14343	97
14344	114
14345	98
14346	91
14347	115
14348	97
14349	97
14350	99
14351	113
14352	96
14353	91
14354	97
14355	106
14356	95
14357	104
14358	99
14359	103
14360	103
14361	109
14362	108
14363	92
14364	80
14365	106
14366	105
14367	98
14368	107
14369	112
14370	100
14371	102
14372	94
14373	95
14374	117
14375	85
14376	102
14377	101
14378	95
14379	101
14380	120
14381	86
14382	119
14383	116
14384	90
14385	100
14386	82
14387	100
14388	107
14389	86
14390	101
14391	84
14392	97
14393	93
14394	101
14395	96
14396	79
14397	104
14398	108
14399	98
14400	114
14401	104
14402	96
14403	107
14404	88
14405	103
14406	112
14407	85
14408	94
14409	99
14410	91
14411	97
14412	100
14413	110
14414	97
14415	101
14416	117
14417	90
14418	122
14419	98
14420	94
14421	82
14422	81
14423	93
14424	120
14425	90
14426	93
14427	120
14428	107
14429	110
14430	113
14431	94
14432	104
14433	91
14434	120
14435	106
14436	80
14437	97
14438	108
14439	82
14440	94
14441	97
14442	120
14443	94
14444	126
14445	95
14446	80
14447	105
14448	96
14449	94
14450	91
14451	88
14452	90
14453	97
14454	103
14455	102
14456	108
14457	98
14458	121
14459	110
14460	87
14461	109
14462	100
14463	99
14464	105
14465	104
14466	110
14467	104
14468	92
14469	87
14470	113
14471	100
14472	102
14473	90
14474	103
14475	110
14476	101
14477	87
14478	99
14479	102
14480	99
14481	107
14482	111
14483	100
14484	119
14485	94
14486	115
14487	91
14488	92
14489	91
14490	117
14491	94
14492	91
14493	107
14494	87
14495	106
14496	106
14497	107
14498	120
14499	110
14500	100
14501	108
14502	98
14503	95
14504	92
14505	90
14506	84
14507	102
14508	100
14509	109
14510	106
14511	107
14512	108
14513	100
14514	100
14515	97
14516	94
14517	94
14518	79
14519	101
14520	98
14521	81
14522	88
14523	100
14524	96
14525	102
14526	85
14527	102
14528	108
14529	91
14530	80
14531	81
14532	88
14533	102
14534	116
14535	104
14536	94
14537	110
14538	97
14539	103
14540	108
14541	80
14542	87
14543	112
14544	93
14545	88
14546	113
14547	97
14548	89
14549	94
14550	99
14551	87
14552	118
14553	100
14554	100
14555	103
14556	90
14557	118
14558	96
14559	98
14560	109
14561	75
14562	106
14563	85
14564	101
14565	105
14566	154
14567	102
14568	92
14569	120
14570	98
14571	88
14572	81
14573	99
14574	91
14575	113
14576	107
14577	102
14578	89
14579	103
14580	78
14581	114
14582	92
14583	101
14584	95
14585	103
14586	112
14587	81
14588	92
14589	106
14590	94
14591	97
14592	102
14593	129
14594	118
14595	94
14596	90
14597	98
14598	119
14599	105
14600	96
14601	93
14602	91
14603	103
14604	99
14605	100
14606	117
14607	94
14608	97
14609	93
14610	105
14611	98
14612	105
14613	97
14614	105
14615	95
14616	106
14617	118
14618	104
14619	71
14620	90
14621	85
14622	117
14623	99
14624	83
14625	97
14626	104
14627	108
14628	94
14629	106
14630	77
14631	102
14632	96
14633	112
14634	100
14635	102
14636	79
14637	100
14638	113
14639	133
14640	92
14641	93
14642	81
14643	109
14644	91
14645	98
14646	96
14647	95
14648	101
14649	91
14650	75
14651	126
14652	88
14653	104
14654	111
14655	100
14656	110
14657	98
14658	102
14659	84
14660	88
14661	128
14662	98
14663	98
14664	103
14665	96
14666	97
14667	104
14668	82
14669	101
14670	125
14671	96
14672	104
14673	105
14674	101
14675	100
14676	114
14677	92
14678	86
14679	106
14680	108
14681	115
14682	94
14683	108
14684	94
14685	93
14686	125
14687	99
14688	100
14689	96
14690	90
14691	116
14692	99
14693	106
14694	95
14695	91
14696	115
14697	105
14698	95
14699	105
14700	98
14701	85
14702	95
14703	107
14704	105
14705	110
14706	115
14707	89
14708	124
14709	99
14710	96
14711	114
14712	107
14713	108
14714	103
14715	78
14716	87
14717	94
14718	100
14719	99
14720	94
14721	94
14722	103
14723	93
14724	90
14725	94
14726	99
14727	109
14728	106
14729	107
14730	92
14731	92
14732	104
14733	86
14734	87
14735	99
14736	93
14737	103
14738	91
14739	126
14740	104
14741	111
14742	96
14743	108
14744	95
14745	95
14746	105
14747	99
14748	111
14749	95
14750	93
14751	87
14752	94
14753	98
14754	93
14755	104
14756	91
14757	104
14758	98
14759	80
14760	100
14761	107
14762	112
14763	105
14764	124
14765	110
14766	103
14767	104
14768	96
14769	91
14770	104
14771	100
14772	112
14773	102
14774	87
14775	101
14776	96
14777	104
14778	93
14779	77
14780	102
14781	91
14782	94
14783	111
14784	104
14785	95
14786	102
14787	89
14788	103
14789	93
14790	99
14791	77
14792	107
14793	98
14794	98
14795	115
14796	110
14797	93
14798	103
14799	111
14800	94
14801	93
14802	93
14803	95
14804	109
14805	101
14806	114
14807	98
14808	125
14809	86
14810	104
14811	98
14812	92
14813	71
14814	92
14815	97
14816	102
14817	111
14818	115
14819	77
14820	108
14821	111
14822	91
14823	98
14824	102
14825	103
14826	78
14827	95
14828	102
14829	82
14830	101
14831	126
14832	102
14833	93
14834	102
14835	111
14836	96
14837	90
14838	116
14839	104
14840	113
14841	102
14842	103
14843	90
14844	111
14845	119
14846	93
14847	94
14848	117
14849	102
14850	102
14851	121
14852	113
14853	112
14854	113
14855	96
14856	90
14857	108
14858	109
14859	87
14860	94
14861	96
14862	86
14863	84
14864	105
14865	102
14866	98
14867	112
14868	110
14869	96
14870	101
14871	94
14872	94
14873	88
14874	94
14875	99
14876	98
14877	107
14878	102
14879	85
14880	97
14881	122
14882	106
14883	125
14884	104
14885	103
14886	110
14887	114
14888	90
14889	98
14890	91
14891	88
14892	90
14893	93
14894	97
14895	98
14896	99
14897	100
14898	110
14899	123
14900	109
14901	104
14902	96
14903	91
14904	114
14905	101
14906	99
14907	100
14908	106
14909	98
14910	121
14911	120
14912	92
14913	107
14914	85
14915	80
14916	93
14917	117
14918	108
14919	107
14920	96
14921	112
14922	108
14923	104
14924	86
14925	112
14926	103
14927	95
14928	104
14929	96
14930	88
14931	104
14932	110
14933	94
14934	99
14935	108
14936	100
14937	122
14938	120
14939	90
14940	107
14941	115
14942	89
14943	104
14944	70
14945	99
14946	110
14947	112
14948	112
14949	104
14950	106
14951	104
14952	104
14953	95
14954	99
14955	103
14956	115
14957	104
14958	102
14959	98
14960	93
14961	99
14962	120
14963	98
14964	87
14965	110
14966	116
14967	103
14968	99
14969	102
14970	105
14971	90
14972	105
14973	95
14974	86
14975	116
14976	101
14977	94
14978	99
14979	113
14980	92
14981	107
14982	109
14983	103
14984	94
14985	114
14986	94
14987	93
14988	81
14989	96
14990	94
14991	94
14992	86
14993	95
14994	109
14995	114
14996	111
14997	110
14998	111
14999	76
15000	121
15001	111
15002	83
15003	85
15004	99
15005	86
15006	80
15007	81
15008	94
15009	109
15010	90
15011	92
15012	118
15013	102
15014	88
15015	97
15016	104
15017	97
15018	98
15019	104
15020	95
15021	85
15022	121
15023	98
15024	92
15025	99
15026	92
15027	108
15028	89
15029	110
15030	98
15031	114
15032	95
15033	92
15034	108
15035	108
15036	111
15037	111
15038	101
15039	97
15040	115
15041	120
15042	91
15043	113
15044	103
15045	96
15046	84
15047	94
15048	97
15049	81
15050	107
15051	97
15052	98
15053	98
15054	93
15055	108
15056	100
15057	100
15058	102
15059	87
15060	108
15061	106
15062	127
15063	89
15064	108
15065	89
15066	100
15067	94
15068	100
15069	97
15070	89
15071	108
15072	121
15073	101
15074	122
15075	115
15076	110
15077	78
15078	84
15079	92
15080	95
15081	86
15082	93
15083	93
15084	119
15085	105
15086	125
15087	100
15088	105
15089	107
15090	96
15091	88
15092	110
15093	106
15094	98
15095	85
15096	100
15097	106
15098	101
15099	104
15100	96
15101	79
15102	109
15103	96
15104	83
15105	83
15106	107
15107	94
15108	128
15109	116
15110	109
15111	100
15112	92
15113	93
15114	97
15115	122
15116	99
15117	99
15118	106
15119	105
15120	88
15121	106
15122	117
15123	90
15124	78
15125	101
15126	101
15127	109
15128	95
15129	112
15130	95
15131	88
15132	100
15133	105
15134	111
15135	99
15136	112
15137	89
15138	83
15139	127
15140	105
15141	85
15142	97
15143	113
15144	101
15145	104
15146	93
15147	93
15148	105
15149	103
15150	103
15151	100
15152	107
15153	95
15154	90
15155	100
15156	81
15157	90
15158	99
15159	104
15160	119
15161	109
15162	93
15163	90
15164	98
15165	111
15166	90
15167	98
15168	115
15169	87
15170	105
15171	102
15172	107
15173	95
15174	92
15175	94
15176	87
15177	86
15178	85
15179	103
15180	99
15181	104
15182	106
15183	92
15184	99
15185	93
15186	114
15187	88
15188	98
15189	119
15190	99
15191	86
15192	109
15193	95
15194	89
15195	102
15196	97
15197	102
15198	104
15199	85
15200	89
15201	76
15202	97
15203	93
15204	94
15205	92
15206	84
15207	93
15208	98
15209	106
15210	99
15211	80
15212	104
15213	99
15214	100
15215	110
15216	92
15217	116
15218	90
15219	102
15220	83
15221	95
15222	106
15223	86
15224	91
15225	101
15226	96
15227	107
15228	108
15229	75
15230	107
15231	101
15232	92
15233	77
15234	102
15235	103
15236	98
15237	96
15238	99
15239	84
15240	85
15241	94
15242	117
15243	77
15244	102
15245	94
15246	97
15247	96
15248	112
15249	109
15250	110
15251	88
15252	111
15253	95
15254	123
15255	102
15256	99
15257	106
15258	110
15259	90
15260	100
15261	111
15262	103
15263	94
15264	103
15265	120
15266	109
15267	98
15268	94
15269	111
15270	100
15271	96
15272	90
15273	121
15274	99
15275	96
15276	120
15277	106
15278	79
15279	97
15280	97
15281	113
15282	85
15283	97
15284	95
15285	90
15286	99
15287	116
15288	95
15289	89
15290	96
15291	111
15292	101
15293	117
15294	106
15295	117
15296	96
15297	108
15298	107
15299	101
15300	113
15301	109
15302	108
15303	103
15304	95
15305	109
15306	90
15307	88
15308	88
15309	96
15310	103
15311	94
15312	82
15313	102
15314	94
15315	91
15316	99
15317	108
15318	94
15319	97
15320	86
15321	111
15322	96
15323	94
15324	96
15325	85
15326	86
15327	92
15328	111
15329	103
15330	96
15331	109
15332	109
15333	104
15334	121
15335	104
15336	115
15337	110
15338	80
15339	109
15340	112
15341	114
15342	98
15343	84
15344	107
15345	107
15346	106
15347	91
15348	93
15349	89
15350	86
15351	104
15352	106
15353	101
15354	106
15355	93
15356	116
15357	107
15358	107
15359	97
15360	87
15361	87
15362	106
15363	108
15364	96
15365	94
15366	91
15367	103
15368	113
15369	97
15370	108
15371	98
15372	107
15373	89
15374	112
15375	92
15376	106
15377	104
15378	103
15379	100
15380	102
15381	102
15382	79
15383	112
15384	93
15385	98
15386	91
15387	100
15388	90
15389	99
15390	107
15391	96
15392	105
15393	88
15394	107
15395	122
15396	100
15397	108
15398	86
15399	100
15400	102
15401	90
15402	99
15403	109
15404	89
15405	81
15406	112
15407	109
15408	98
15409	88
15410	103
15411	109
15412	77
15413	116
15414	88
15415	94
15416	92
15417	82
15418	104
15419	96
15420	97
15421	104
15422	81
15423	97
15424	106
15425	116
15426	92
15427	103
15428	82
15429	107
15430	101
15431	95
15432	87
15433	100
15434	84
15435	126
15436	101
15437	106
15438	106
15439	112
15440	99
15441	85
15442	98
15443	116
15444	97
15445	91
15446	121
15447	109
15448	103
15449	108
15450	113
15451	88
15452	100
15453	105
15454	91
15455	98
15456	114
15457	100
15458	107
15459	89
15460	108
15461	91
15462	109
15463	92
15464	124
15465	97
15466	104
15467	105
15468	95
15469	101
15470	79
15471	96
15472	107
15473	109
15474	94
15475	109
15476	84
15477	103
15478	95
15479	84
15480	101
15481	91
15482	111
15483	120
15484	92
15485	112
15486	105
15487	94
15488	105
15489	85
15490	120
15491	115
15492	97
15493	78
15494	91
15495	117
15496	108
15497	100
15498	116
15499	111
15500	114
15501	84
15502	90
15503	102
15504	104
15505	127
15506	115
15507	112
15508	95
15509	94
15510	95
15511	108
15512	100
15513	90
15514	82
15515	99
15516	109
15517	116
15518	107
15519	105
15520	89
15521	114
15522	100
15523	105
15524	90
15525	98
15526	93
15527	119
15528	106
15529	94
15530	95
15531	98
15532	97
15533	117
15534	106
15535	102
15536	89
15537	109
15538	113
15539	87
15540	107
15541	93
15542	96
15543	84
15544	85
15545	92
15546	103
15547	100
15548	96
15549	107
15550	106
15551	100
15552	103
15553	86
15554	114
15555	103
15556	107
15557	94
15558	89
15559	84
15560	108
15561	112
15562	94
15563	109
15564	111
15565	84
15566	95
15567	98
15568	114
15569	100
15570	97
15571	100
15572	107
15573	92
15574	97
15575	100
15576	92
15577	109
15578	84
15579	94
15580	103
15581	95
15582	87
15583	103
15584	96
15585	112
15586	90
15587	89
15588	105
15589	88
15590	106
15591	94
15592	119
15593	103
15594	97
15595	104
15596	101
15597	103
15598	95
15599	98
15600	99
15601	89
15602	111
15603	97
15604	106
15605	104
15606	101
15607	102
15608	96
15609	118
15610	96
15611	101
15612	105
15613	97
15614	98
15615	111
15616	95
15617	94
15618	108
15619	97
15620	89
15621	96
15622	110
15623	109
15624	99
15625	110
15626	123
15627	106
15628	82
15629	102
15630	100
15631	102
15632	101
15633	106
15634	115
15635	120
15636	102
15637	93
15638	103
15639	104
15640	92
15641	92
15642	92
15643	99
15644	100
15645	125
15646	111
15647	80
15648	104
15649	95
15650	103
15651	103
15652	89
15653	117
15654	96
15655	98
15656	90
15657	99
15658	99
15659	90
15660	97
15661	97
15662	105
15663	94
15664	113
15665	91
15666	96
15667	108
15668	119
15669	103
15670	108
15671	95
15672	107
15673	91
15674	104
15675	97
15676	90
15677	109
15678	114
15679	92
15680	106
15681	92
15682	109
15683	101
15684	117
15685	100
15686	91
15687	96
15688	92
15689	112
15690	98
15691	97
15692	111
15693	80
15694	103
15695	83
15696	102
15697	101
15698	91
15699	101
15700	109
15701	113
15702	109
15703	94
15704	106
15705	102
15706	93
15707	130
15708	94
15709	98
15710	97
15711	108
15712	94
15713	107
15714	91
15715	93
15716	102
15717	99
15718	102
15719	104
15720	93
15721	93
15722	86
15723	101
15724	114
15725	96
15726	98
15727	90
15728	77
15729	111
15730	113
15731	92
15732	107
15733	96
15734	114
15735	97
15736	100
15737	105
15738	98
15739	99
15740	117
15741	101
15742	110
15743	101
15744	89
15745	93
15746	96
15747	92
15748	106
15749	99
15750	98
15751	100
15752	97
15753	95
15754	98
15755	98
15756	104
15757	126
15758	80
15759	107
15760	116
15761	115
15762	103
15763	108
15764	107
15765	102
15766	103
15767	98
15768	83
15769	107
15770	116
15771	99
15772	106
15773	118
15774	115
15775	100
15776	92
15777	103
15778	97
15779	90
15780	103
15781	103
15782	104
15783	108
15784	94
15785	105
15786	111
15787	109
15788	100
15789	108
15790	102
15791	101
15792	111
15793	107
15794	109
15795	100
15796	96
15797	93
15798	101
15799	93
15800	92
15801	114
15802	99
15803	84
15804	99
15805	103
15806	119
15807	104
15808	106
15809	106
15810	95
15811	105
15812	93
15813	97
15814	105
15815	112
15816	106
15817	99
15818	127
15819	97
15820	102
15821	105
15822	104
15823	85
15824	101
15825	97
15826	107
15827	113
15828	96
15829	120
15830	111
15831	90
15832	94
15833	81
15834	88
15835	113
15836	87
15837	93
15838	103
15839	100
15840	105
15841	103
15842	93
15843	125
15844	102
15845	96
15846	100
15847	101
15848	99
15849	100
15850	111
15851	97
15852	98
15853	83
15854	85
15855	78
15856	125
15857	95
15858	105
15859	126
15860	88
15861	113
15862	97
15863	107
15864	95
15865	99
15866	90
15867	95
15868	89
15869	87
15870	100
15871	99
15872	106
15873	117
15874	93
15875	85
15876	113
15877	117
15878	97
15879	99
15880	106
15881	94
15882	85
15883	103
15884	114
15885	90
15886	86
15887	109
15888	93
15889	91
15890	91
15891	101
15892	86
15893	101
15894	97
15895	97
15896	96
15897	100
15898	101
15899	106
15900	95
15901	90
15902	102
15903	95
15904	99
15905	87
15906	102
15907	93
15908	95
15909	98
15910	96
15911	90
15912	95
15913	108
15914	89
15915	113
15916	102
15917	109
15918	101
15919	93
15920	115
15921	122
15922	98
15923	98
15924	99
15925	111
15926	86
15927	101
15928	86
15929	110
15930	99
15931	98
15932	100
15933	94
15934	88
15935	111
15936	97
15937	90
15938	85
15939	91
15940	89
15941	102
15942	105
15943	127
15944	105
15945	79
15946	91
15947	102
15948	103
15949	95
15950	109
15951	93
15952	104
15953	94
15954	97
15955	94
15956	101
15957	101
15958	93
15959	83
15960	96
15961	93
15962	99
15963	109
15964	98
15965	98
15966	87
15967	105
15968	93
15969	108
15970	96
15971	91
15972	87
15973	106
15974	92
15975	110
15976	88
15977	99
15978	105
15979	107
15980	103
15981	104
15982	104
15983	94
15984	81
15985	95
15986	92
15987	101
15988	93
15989	101
15990	79
15991	105
15992	119
15993	118
15994	86
15995	103
15996	95
15997	109
15998	87
15999	99
16000	92
16001	115
16002	99
16003	104
16004	113
16005	109
16006	100
16007	106
16008	102
16009	102
16010	101
16011	103
16012	95
16013	109
16014	99
16015	95
16016	115
16017	118
16018	109
16019	89
16020	84
16021	98
16022	85
16023	100
16024	98
16025	104
16026	115
16027	96
16028	95
16029	103
16030	90
16031	102
16032	87
16033	105
16034	103
16035	109
16036	105
16037	93
16038	110
16039	102
16040	93
16041	90
16042	101
16043	104
16044	81
16045	110
16046	103
16047	102
16048	102
16049	95
16050	84
16051	102
16052	83
16053	81
16054	95
16055	92
16056	107
16057	106
16058	91
16059	71
16060	97
16061	87
16062	105
16063	102
16064	102
16065	103
16066	93
16067	110
16068	108
16069	87
16070	111
16071	91
16072	95
16073	96
16074	90
16075	105
16076	96
16077	105
16078	93
16079	102
16080	93
16081	93
16082	123
16083	101
16084	105
16085	100
16086	95
16087	82
16088	94
16089	95
16090	106
16091	94
16092	95
16093	96
16094	132
16095	115
16096	88
16097	126
16098	100
16099	94
16100	96
16101	103
16102	108
16103	104
16104	104
16105	85
16106	117
16107	87
16108	94
16109	93
16110	98
16111	84
16112	102
16113	94
16114	93
16115	100
16116	81
16117	127
16118	107
16119	100
16120	108
16121	103
16122	111
16123	109
16124	119
16125	88
16126	68
16127	92
16128	97
16129	98
16130	107
16131	97
16132	108
16133	105
16134	115
16135	88
16136	107
16137	102
16138	95
16139	108
16140	91
16141	109
16142	121
16143	86
16144	100
16145	92
16146	100
16147	91
16148	106
16149	102
16150	113
16151	92
16152	100
16153	95
16154	95
16155	102
16156	87
16157	106
16158	126
16159	94
16160	100
16161	104
16162	107
16163	96
16164	100
16165	78
16166	92
16167	89
16168	91
16169	92
16170	87
16171	101
16172	111
16173	97
16174	115
16175	87
16176	115
16177	96
16178	96
16179	87
16180	99
16181	86
16182	102
16183	96
16184	93
16185	97
16186	104
16187	106
16188	98
16189	96
16190	104
16191	106
16192	128
16193	95
16194	100
16195	97
16196	112
16197	110
16198	87
16199	114
16200	99
16201	108
16202	98
16203	107
16204	95
16205	110
16206	81
16207	102
16208	106
16209	86
16210	103
16211	111
16212	95
16213	101
16214	81
16215	98
16216	85
16217	117
16218	118
16219	88
16220	93
16221	96
16222	117
16223	120
16224	96
16225	110
16226	106
16227	103
16228	127
16229	98
16230	94
16231	106
16232	97
16233	103
16234	83
16235	95
16236	104
16237	106
16238	110
16239	103
16240	108
16241	107
16242	109
16243	108
16244	115
16245	91
16246	81
16247	88
16248	97
16249	94
16250	83
16251	111
16252	89
16253	123
16254	94
16255	103
16256	112
16257	98
16258	101
16259	123
16260	102
16261	109
16262	98
16263	96
16264	109
16265	89
16266	75
16267	91
16268	88
16269	112
16270	94
16271	105
16272	101
16273	100
16274	119
16275	104
16276	102
16277	103
16278	108
16279	106
16280	105
16281	121
16282	101
16283	100
16284	106
16285	91
16286	109
16287	119
16288	102
16289	98
16290	97
16291	89
16292	111
16293	81
16294	100
16295	93
16296	97
16297	89
16298	97
16299	99
16300	89
16301	104
16302	100
16303	98
16304	99
16305	107
16306	97
16307	117
16308	88
16309	93
16310	92
16311	90
16312	78
16313	101
16314	88
16315	123
16316	109
16317	100
16318	96
16319	110
16320	94
16321	93
16322	109
16323	100
16324	89
16325	108
16326	88
16327	92
16328	98
16329	84
16330	119
16331	97
16332	116
16333	103
16334	85
16335	84
16336	98
16337	124
16338	112
16339	91
16340	98
16341	95
16342	120
16343	103
16344	105
16345	124
16346	102
16347	108
16348	107
16349	114
16350	113
16351	95
16352	83
16353	108
16354	89
16355	89
16356	106
16357	113
16358	94
16359	92
16360	101
16361	92
16362	109
16363	84
16364	102
16365	120
16366	95
16367	112
16368	113
16369	105
16370	95
16371	89
16372	126
16373	101
16374	96
16375	93
16376	99
16377	102
16378	91
16379	83
16380	92
16381	92
16382	114
16383	91
16384	98
16385	105
16386	93
16387	92
16388	88
16389	108
16390	99
16391	111
16392	99
16393	96
16394	99
16395	92
16396	91
16397	118
16398	94
16399	103
16400	110
16401	109
16402	97
16403	91
16404	99
16405	106
16406	95
16407	95
16408	97
16409	93
16410	92
16411	107
16412	96
16413	110
16414	89
16415	91
16416	106
16417	111
16418	98
16419	97
16420	111
16421	107
16422	103
16423	100
16424	96
16425	96
16426	88
16427	110
16428	98
16429	95
16430	88
16431	109
16432	110
16433	107
16434	90
16435	105
16436	106
16437	104
16438	94
16439	85
16440	110
16441	96
16442	107
16443	102
16444	107
16445	120
16446	101
16447	98
16448	102
16449	102
16450	98
16451	105
16452	102
16453	95
16454	90
16455	87
16456	100
16457	107
16458	99
16459	103
16460	100
16461	109
16462	92
16463	112
16464	103
16465	109
16466	97
16467	93
16468	105
16469	103
16470	99
16471	106
16472	114
16473	105
16474	98
16475	122
16476	93
16477	95
16478	84
16479	107
16480	88
16481	121
16482	98
16483	95
16484	90
16485	113
16486	104
16487	100
16488	118
16489	105
16490	92
16491	97
16492	105
16493	101
16494	130
16495	93
16496	85
16497	96
16498	100
16499	99
16500	108
16501	93
16502	82
16503	104
16504	93
16505	115
16506	100
16507	98
16508	101
16509	115
16510	91
16511	112
16512	83
16513	100
16514	111
16515	82
16516	95
16517	110
16518	91
16519	115
16520	100
16521	104
16522	105
16523	108
16524	83
16525	101
16526	113
16527	98
16528	111
16529	104
16530	103
16531	101
16532	114
16533	97
16534	95
16535	90
16536	106
16537	96
16538	99
16539	95
16540	127
16541	106
16542	102
16543	100
16544	115
16545	95
16546	114
16547	102
16548	105
16549	86
16550	124
16551	100
16552	88
16553	104
16554	116
16555	100
16556	81
16557	87
16558	92
16559	109
16560	112
16561	94
16562	89
16563	97
16564	92
16565	106
16566	96
16567	94
16568	95
16569	98
16570	102
16571	118
16572	81
16573	94
16574	88
16575	99
16576	94
16577	88
16578	97
16579	90
16580	104
16581	111
16582	99
16583	105
16584	81
16585	109
16586	117
16587	112
16588	109
16589	101
16590	81
16591	87
16592	102
16593	103
16594	83
16595	92
16596	81
16597	116
16598	95
16599	104
16600	112
16601	107
16602	105
16603	104
16604	91
16605	100
16606	98
16607	97
16608	103
16609	98
16610	91
16611	73
16612	110
16613	91
16614	109
16615	104
16616	108
16617	115
16618	106
16619	82
16620	112
16621	103
16622	96
16623	91
16624	96
16625	95
16626	87
16627	84
16628	100
16629	105
16630	85
16631	98
16632	95
16633	87
16634	96
16635	95
16636	100
16637	94
16638	101
16639	85
16640	110
16641	131
16642	119
16643	107
16644	106
16645	87
16646	102
16647	107
16648	105
16649	111
16650	124
16651	120
16652	101
16653	102
16654	103
16655	103
16656	58
16657	104
16658	82
16659	102
16660	80
16661	99
16662	109
16663	110
16664	104
16665	88
16666	92
16667	97
16668	94
16669	98
16670	85
16671	115
16672	78
16673	103
16674	90
16675	121
16676	103
16677	99
16678	111
16679	104
16680	112
16681	113
16682	111
16683	97
16684	111
16685	87
16686	95
16687	113
16688	125
16689	85
16690	104
16691	98
16692	99
16693	99
16694	85
16695	110
16696	83
16697	104
16698	79
16699	82
16700	95
16701	108
16702	94
16703	92
16704	97
16705	113
16706	113
16707	91
16708	105
16709	112
16710	109
16711	106
16712	121
16713	73
16714	83
16715	97
16716	87
16717	126
16718	96
16719	104
16720	104
16721	97
16722	107
16723	90
16724	100
16725	118
16726	105
16727	93
16728	98
16729	100
16730	98
16731	82
16732	96
16733	104
16734	92
16735	103
16736	84
16737	94
16738	111
16739	119
16740	104
16741	82
16742	98
16743	93
16744	105
16745	105
16746	105
16747	85
16748	103
16749	75
16750	102
16751	115
16752	90
16753	91
16754	119
16755	92
16756	106
16757	106
16758	109
16759	98
16760	96
16761	113
16762	110
16763	89
16764	91
16765	98
16766	107
16767	89
16768	89
16769	99
16770	108
16771	100
16772	104
16773	105
16774	94
16775	84
16776	109
16777	98
16778	99
16779	109
16780	94
16781	103
16782	93
16783	105
16784	113
16785	107
16786	95
16787	95
16788	104
16789	112
16790	93
16791	97
16792	104
16793	102
16794	110
16795	103
16796	86
16797	94
16798	93
16799	90
16800	132
16801	98
16802	106
16803	93
16804	99
16805	103
16806	84
16807	103
16808	92
16809	97
16810	113
16811	113
16812	96
16813	110
16814	89
16815	113
16816	92
16817	104
16818	107
16819	90
16820	105
16821	97
16822	111
16823	106
16824	115
16825	106
16826	112
16827	89
16828	119
16829	101
16830	84
16831	88
16832	117
16833	108
16834	100
16835	108
16836	86
16837	99
16838	111
16839	100
16840	98
16841	106
16842	106
16843	88
16844	108
16845	101
16846	100
16847	95
16848	108
16849	91
16850	87
16851	113
16852	97
16853	108
16854	93
16855	95
16856	101
16857	96
16858	111
16859	100
16860	101
16861	101
16862	106
16863	95
16864	105
16865	108
16866	99
16867	110
16868	99
16869	120
16870	100
16871	124
16872	102
16873	95
16874	114
16875	101
16876	99
16877	102
16878	97
16879	100
16880	103
16881	98
16882	99
16883	111
16884	89
16885	103
16886	95
16887	91
16888	88
16889	96
16890	108
16891	103
16892	75
16893	97
16894	118
16895	105
16896	99
16897	104
16898	92
16899	114
16900	76
16901	107
16902	99
16903	99
16904	93
16905	104
16906	92
16907	110
16908	95
16909	109
16910	107
16911	103
16912	99
16913	103
16914	110
16915	91
16916	92
16917	122
16918	108
16919	96
16920	118
16921	92
16922	110
16923	88
16924	95
16925	95
16926	90
16927	106
16928	78
16929	99
16930	91
16931	88
16932	100
16933	99
16934	91
16935	102
16936	114
16937	101
16938	99
16939	98
16940	100
16941	94
16942	88
16943	97
16944	95
16945	101
16946	102
16947	85
16948	101
16949	94
16950	101
16951	97
16952	88
16953	102
16954	116
16955	93
16956	100
16957	104
16958	110
16959	109
16960	102
16961	104
16962	108
16963	101
16964	92
16965	97
16966	91
16967	95
16968	135
16969	109
16970	96
16971	115
16972	95
16973	86
16974	104
16975	104
16976	103
16977	95
16978	99
16979	85
16980	110
16981	86
16982	102
16983	107
16984	98
16985	90
16986	100
16987	93
16988	117
16989	95
16990	81
16991	96
16992	118
16993	104
16994	94
16995	100
16996	111
16997	100
16998	103
16999	100
17000	89
17001	95
17002	109
17003	92
17004	96
17005	105
17006	83
17007	100
17008	85
17009	88
17010	107
17011	100
17012	98
17013	97
17014	107
17015	96
17016	100
17017	88
17018	103
17019	77
17020	96
17021	105
17022	107
17023	95
17024	94
17025	92
17026	110
17027	105
17028	106
17029	101
17030	107
17031	118
17032	102
17033	103
17034	100
17035	108
17036	104
17037	107
17038	88
17039	108
17040	97
17041	104
17042	96
17043	95
17044	113
17045	115
17046	93
17047	84
17048	106
17049	85
17050	115
17051	105
17052	98
17053	88
17054	98
17055	104
17056	113
17057	102
17058	119
17059	106
17060	86
17061	97
17062	93
17063	100
17064	102
17065	99
17066	94
17067	91
17068	105
17069	102
17070	110
17071	93
17072	90
17073	103
17074	102
17075	115
17076	106
17077	111
17078	92
17079	95
17080	104
17081	102
17082	102
17083	117
17084	112
17085	95
17086	90
17087	83
17088	103
17089	109
17090	103
17091	86
17092	97
17093	94
17094	99
17095	98
17096	103
17097	105
17098	99
17099	93
17100	105
17101	105
17102	86
17103	99
17104	99
17105	84
17106	109
17107	102
17108	118
17109	84
17110	92
17111	99
17112	99
17113	101
17114	85
17115	95
17116	120
17117	93
17118	94
17119	106
17120	94
17121	88
17122	89
17123	113
17124	111
17125	102
17126	87
17127	102
17128	98
17129	92
17130	90
17131	99
17132	83
17133	108
17134	86
17135	104
17136	99
17137	107
17138	93
17139	94
17140	94
17141	93
17142	106
17143	98
17144	92
17145	109
17146	103
17147	95
17148	102
17149	95
17150	83
17151	101
17152	87
17153	91
17154	101
17155	89
17156	91
17157	108
17158	92
17159	98
17160	93
17161	95
17162	127
17163	93
17164	89
17165	98
17166	98
17167	95
17168	97
17169	102
17170	94
17171	102
17172	81
17173	110
17174	91
17175	123
17176	106
17177	105
17178	100
17179	113
17180	116
17181	89
17182	104
17183	105
17184	94
17185	83
17186	105
17187	84
17188	88
17189	103
17190	98
17191	99
17192	91
17193	100
17194	90
17195	105
17196	91
17197	109
17198	101
17199	101
17200	92
17201	90
17202	109
17203	107
17204	94
17205	109
17206	101
17207	110
17208	77
17209	95
17210	94
17211	91
17212	99
17213	96
17214	105
17215	76
17216	116
17217	94
17218	95
17219	98
17220	103
17221	93
17222	102
17223	95
17224	82
17225	95
17226	114
17227	75
17228	84
17229	101
17230	109
17231	101
17232	113
17233	101
17234	111
17235	88
17236	98
17237	84
17238	87
17239	91
17240	84
17241	90
17242	96
17243	104
17244	85
17245	103
17246	106
17247	84
17248	80
17249	120
17250	117
17251	95
17252	93
17253	94
17254	112
17255	99
17256	119
17257	99
17258	118
17259	129
17260	93
17261	108
17262	102
17263	83
17264	87
17265	115
17266	104
17267	103
17268	111
17269	97
17270	87
17271	91
17272	91
17273	84
17274	106
17275	102
17276	91
17277	101
17278	117
17279	118
17280	90
17281	87
17282	100
17283	111
17284	108
17285	97
17286	97
17287	95
17288	124
17289	94
17290	100
17291	91
17292	89
17293	99
17294	112
17295	123
17296	109
17297	106
17298	99
17299	103
17300	102
17301	113
17302	104
17303	93
17304	97
17305	103
17306	99
17307	89
17308	97
17309	98
17310	112
17311	97
17312	83
17313	79
17314	96
17315	100
17316	111
17317	103
17318	89
17319	92
17320	99
17321	113
17322	99
17323	114
17324	83
17325	98
17326	102
17327	95
17328	93
17329	93
17330	79
17331	99
17332	101
17333	92
17334	83
17335	92
17336	103
17337	89
17338	94
17339	106
17340	102
17341	107
17342	112
17343	111
17344	101
17345	97
17346	108
17347	94
17348	88
17349	95
17350	106
17351	110
17352	99
17353	104
17354	94
17355	112
17356	119
17357	99
17358	107
17359	102
17360	104
17361	103
17362	85
17363	92
17364	101
17365	122
17366	95
17367	119
17368	87
17369	99
17370	94
17371	99
17372	105
17373	91
17374	104
17375	102
17376	106
17377	91
17378	89
17379	105
17380	92
17381	96
17382	121
17383	95
17384	113
17385	118
17386	97
17387	103
17388	93
17389	102
17390	100
17391	95
17392	96
17393	101
17394	111
17395	99
17396	118
17397	92
17398	91
17399	87
17400	89
17401	100
17402	102
17403	95
17404	81
17405	85
17406	106
17407	126
17408	107
17409	97
17410	94
17411	104
17412	95
17413	94
17414	103
17415	95
17416	100
17417	122
17418	103
17419	100
17420	105
17421	96
17422	89
17423	96
17424	83
17425	107
17426	106
17427	101
17428	100
17429	107
17430	79
17431	92
17432	121
17433	103
17434	93
17435	93
17436	125
17437	92
17438	98
17439	113
17440	107
17441	94
17442	102
17443	105
17444	96
17445	105
17446	109
17447	101
17448	91
17449	101
17450	85
17451	93
17452	90
17453	105
17454	108
17455	99
17456	104
17457	105
17458	110
17459	118
17460	99
17461	99
17462	100
17463	104
17464	93
17465	122
17466	108
17467	114
17468	118
17469	111
17470	108
17471	104
17472	99
17473	101
17474	94
17475	108
17476	99
17477	103
17478	89
17479	104
17480	101
17481	92
17482	89
17483	96
17484	96
17485	99
17486	97
17487	88
17488	101
17489	92
17490	109
17491	100
17492	104
17493	103
17494	84
17495	94
17496	107
17497	94
17498	89
17499	77
17500	106
17501	91
17502	100
17503	106
17504	102
17505	102
17506	100
17507	92
17508	116
17509	98
17510	99
17511	89
17512	99
17513	110
17514	101
17515	102
17516	101
17517	94
17518	115
17519	97
17520	95
17521	119
17522	111
17523	87
17524	96
17525	95
17526	88
17527	124
17528	102
17529	98
17530	88
17531	100
17532	92
17533	77
17534	95
17535	100
17536	106
17537	105
17538	107
17539	124
17540	115
17541	85
17542	100
17543	98
17544	107
17545	97
17546	93
17547	89
17548	105
17549	107
17550	97
17551	95
17552	107
17553	116
17554	89
17555	97
17556	105
17557	95
17558	103
17559	90
17560	116
17561	111
17562	115
17563	85
17564	106
17565	99
17566	99
17567	95
17568	98
17569	101
17570	98
17571	100
17572	76
17573	109
17574	101
17575	102
17576	94
17577	104
17578	92
17579	106
17580	99
17581	92
17582	101
17583	107
17584	122
17585	103
17586	95
17587	85
17588	91
17589	117
17590	90
17591	104
17592	109
17593	96
17594	98
17595	121
17596	117
17597	104
17598	110
17599	93
17600	88
17601	98
17602	99
17603	111
17604	88
17605	83
17606	108
17607	97
17608	103
17609	86
17610	105
17611	74
17612	93
17613	80
17614	103
17615	98
17616	102
17617	92
17618	138
17619	121
17620	87
17621	99
17622	107
17623	110
17624	100
17625	96
17626	99
17627	82
17628	85
17629	86
17630	118
17631	88
17632	103
17633	86
17634	101
17635	121
17636	97
17637	109
17638	118
17639	92
17640	97
17641	86
17642	108
17643	107
17644	91
17645	96
17646	84
17647	105
17648	99
17649	104
17650	106
17651	114
17652	101
17653	100
17654	123
17655	97
17656	85
17657	93
17658	89
17659	83
17660	103
17661	91
17662	101
17663	99
17664	99
17665	102
17666	88
17667	87
17668	99
17669	94
17670	122
17671	71
17672	98
17673	108
17674	107
17675	118
17676	105
17677	112
17678	102
17679	105
17680	104
17681	98
17682	101
17683	102
17684	105
17685	86
17686	103
17687	112
17688	95
17689	109
17690	90
17691	84
17692	112
17693	104
17694	111
17695	118
17696	92
17697	106
17698	106
17699	106
17700	101
17701	96
17702	115
17703	97
17704	85
17705	104
17706	103
17707	102
17708	88
17709	105
17710	90
17711	111
17712	86
17713	99
17714	77
17715	88
17716	82
17717	97
17718	80
17719	98
17720	115
17721	89
17722	105
17723	107
17724	80
17725	98
17726	91
17727	100
17728	105
17729	98
17730	107
17731	106
17732	93
17733	118
17734	107
17735	104
17736	98
17737	110
17738	104
17739	123
17740	120
17741	101
17742	87
17743	104
17744	79
17745	89
17746	110
17747	99
17748	94
17749	107
17750	110
17751	90
17752	107
17753	95
17754	113
17755	98
17756	97
17757	104
17758	113
17759	95
17760	112
17761	83
17762	90
17763	88
17764	98
17765	95
17766	116
17767	101
17768	101
17769	114
17770	117
17771	96
17772	103
17773	123
17774	104
17775	73
17776	79
17777	106
17778	99
17779	104
17780	96
17781	103
17782	82
17783	96
17784	105
17785	88
17786	103
17787	98
17788	99
17789	104
17790	117
17791	105
17792	80
17793	107
17794	96
17795	87
17796	91
17797	124
17798	111
17799	113
17800	108
17801	103
17802	86
17803	101
17804	102
17805	110
17806	100
17807	100
17808	101
17809	96
17810	104
17811	90
17812	98
17813	115
17814	89
17815	101
17816	93
17817	98
17818	94
17819	101
17820	92
17821	115
17822	85
17823	105
17824	101
17825	110
17826	84
17827	93
17828	105
17829	94
17830	86
17831	93
17832	94
17833	117
17834	108
17835	92
17836	92
17837	108
17838	103
17839	93
17840	106
17841	105
17842	92
17843	86
17844	94
17845	97
17846	98
17847	89
17848	109
17849	88
17850	115
17851	101
17852	98
17853	107
17854	103
17855	95
17856	93
17857	118
17858	109
17859	97
17860	118
17861	101
17862	110
17863	107
17864	100
17865	108
17866	101
17867	95
17868	69
17869	113
17870	108
17871	90
17872	85
17873	90
17874	96
17875	106
17876	95
17877	97
17878	82
17879	104
17880	103
17881	91
17882	105
17883	105
17884	108
17885	91
17886	98
17887	102
17888	94
17889	84
17890	115
17891	100
17892	87
17893	92
17894	108
17895	100
17896	77
17897	101
17898	84
17899	90
17900	100
17901	98
17902	95
17903	110
17904	103
17905	92
17906	108
17907	107
17908	101
17909	106
17910	102
17911	95
17912	88
17913	109
17914	100
17915	113
17916	98
17917	92
17918	110
17919	96
17920	99
17921	111
17922	113
17923	98
17924	111
17925	107
17926	95
17927	112
17928	78
17929	100
17930	129
17931	102
17932	90
17933	85
17934	91
17935	114
17936	92
17937	97
17938	86
17939	94
17940	101
17941	112
17942	111
17943	95
17944	111
17945	115
17946	114
17947	87
17948	90
17949	91
17950	99
17951	97
17952	101
17953	93
17954	108
17955	110
17956	96
17957	95
17958	103
17959	108
17960	89
17961	92
17962	105
17963	101
17964	100
17965	108
17966	113
17967	103
17968	82
17969	106
17970	107
17971	98
17972	113
17973	101
17974	84
17975	110
17976	91
17977	93
17978	116
17979	101
17980	87
17981	97
17982	114
17983	113
17984	103
17985	100
17986	91
17987	109
17988	113
17989	102
17990	92
17991	99
17992	98
17993	100
17994	93
17995	107
17996	85
17997	111
17998	98
17999	110
18000	111
18001	92
18002	99
18003	100
18004	95
18005	101
18006	90
18007	93
18008	102
18009	108
18010	101
18011	110
18012	94
18013	104
18014	97
18015	92
18016	103
18017	107
18018	89
18019	85
18020	92
18021	91
18022	106
18023	102
18024	99
18025	89
18026	106
18027	97
18028	111
18029	116
18030	110
18031	75
18032	102
18033	98
18034	96
18035	94
18036	90
18037	106
18038	104
18039	101
18040	104
18041	119
18042	91
18043	101
18044	103
18045	115
18046	105
18047	96
18048	88
18049	83
18050	83
18051	93
18052	90
18053	107
18054	97
18055	115
18056	81
18057	101
18058	97
18059	105
18060	90
18061	101
18062	74
18063	96
18064	95
18065	96
18066	95
18067	102
18068	102
18069	95
18070	105
18071	105
18072	106
18073	86
18074	97
18075	103
18076	86
18077	105
18078	89
18079	95
18080	102
18081	121
18082	91
18083	113
18084	85
18085	107
18086	101
18087	113
18088	94
18089	99
18090	103
18091	114
18092	93
18093	95
18094	99
18095	93
18096	102
18097	98
18098	105
18099	100
18100	117
18101	65
18102	110
18103	110
18104	115
18105	102
18106	98
18107	103
18108	92
18109	111
18110	111
18111	87
18112	99
18113	85
18114	94
18115	87
18116	93
18117	110
18118	86
18119	106
18120	110
18121	90
18122	92
18123	88
18124	107
18125	98
18126	96
18127	104
18128	92
18129	90
18130	99
18131	99
18132	80
18133	96
18134	98
18135	94
18136	99
18137	117
18138	115
18139	97
18140	117
18141	114
18142	110
18143	100
18144	93
18145	110
18146	101
18147	105
18148	106
18149	95
18150	102
18151	108
18152	112
18153	114
18154	107
18155	100
18156	98
18157	93
18158	98
18159	104
18160	96
18161	91
18162	110
18163	118
18164	90
18165	103
18166	86
18167	112
18168	98
18169	81
18170	109
18171	89
18172	111
18173	113
18174	93
18175	86
18176	95
18177	121
18178	89
18179	118
18180	122
18181	84
18182	92
18183	105
18184	92
18185	118
18186	93
18187	110
18188	88
18189	118
18190	95
18191	101
18192	114
18193	85
18194	112
18195	98
18196	96
18197	66
18198	109
18199	97
18200	101
18201	131
18202	105
18203	106
18204	93
18205	106
18206	100
18207	104
18208	121
18209	109
18210	99
18211	121
18212	114
18213	99
18214	108
18215	84
18216	93
18217	86
18218	98
18219	92
18220	88
18221	105
18222	103
18223	86
18224	123
18225	96
18226	94
18227	95
18228	92
18229	87
18230	108
18231	97
18232	91
18233	96
18234	106
18235	110
18236	77
18237	108
18238	106
18239	107
18240	103
18241	103
18242	111
18243	107
18244	106
18245	108
18246	111
18247	94
18248	111
18249	100
18250	96
18251	87
18252	107
18253	112
18254	104
18255	95
18256	104
18257	101
18258	98
18259	116
18260	97
18261	110
18262	115
18263	106
18264	99
18265	110
18266	107
18267	107
18268	89
18269	97
18270	111
18271	118
18272	109
18273	110
18274	97
18275	94
18276	125
18277	88
18278	98
18279	121
18280	92
18281	95
18282	99
18283	122
18284	83
18285	100
18286	100
18287	89
18288	98
18289	94
18290	102
18291	115
18292	98
18293	103
18294	111
18295	88
18296	109
18297	87
18298	87
18299	102
18300	90
18301	105
18302	104
18303	111
18304	83
18305	109
18306	117
18307	80
18308	90
18309	120
18310	95
18311	87
18312	101
18313	105
18314	106
18315	101
18316	98
18317	116
18318	87
18319	104
18320	113
18321	99
18322	105
18323	111
18324	89
18325	95
18326	99
18327	97
18328	101
18329	97
18330	103
18331	92
18332	104
18333	105
18334	127
18335	98
18336	106
18337	92
18338	122
18339	94
18340	100
18341	105
18342	86
18343	122
18344	110
18345	94
18346	119
18347	93
18348	104
18349	89
18350	105
18351	95
18352	95
18353	99
18354	101
18355	115
18356	99
18357	103
18358	105
18359	90
18360	73
18361	86
18362	118
18363	106
18364	98
18365	112
18366	129
18367	98
18368	91
18369	101
18370	95
18371	94
18372	87
18373	92
18374	101
18375	91
18376	109
18377	102
18378	112
18379	95
18380	106
18381	95
18382	108
18383	110
18384	82
18385	122
18386	93
18387	81
18388	107
18389	110
18390	112
18391	108
18392	83
18393	105
18394	93
18395	81
18396	110
18397	104
18398	105
18399	96
18400	106
18401	92
18402	105
18403	87
18404	107
18405	101
18406	98
18407	95
18408	94
18409	91
18410	90
18411	101
18412	104
18413	105
18414	112
18415	85
18416	115
18417	87
18418	109
18419	87
18420	104
18421	111
18422	106
18423	112
18424	90
18425	115
18426	102
18427	92
18428	102
18429	82
18430	104
18431	85
18432	108
18433	84
18434	103
18435	107
18436	113
18437	97
18438	101
18439	107
18440	93
18441	100
18442	96
18443	92
18444	107
18445	103
18446	117
18447	96
18448	93
18449	108
18450	95
18451	111
18452	100
18453	104
18454	92
18455	106
18456	87
18457	101
18458	98
18459	116
18460	109
18461	107
18462	108
18463	99
18464	103
18465	81
18466	96
18467	101
18468	102
18469	105
18470	108
18471	92
18472	100
18473	97
18474	98
18475	110
18476	100
18477	106
18478	109
18479	90
18480	115
18481	109
18482	93
18483	122
18484	108
18485	104
18486	106
18487	94
18488	95
18489	106
18490	106
18491	112
18492	104
18493	92
18494	88
18495	101
18496	97
18497	91
18498	104
18499	97
18500	93
18501	91
18502	111
18503	103
18504	86
18505	103
18506	114
18507	95
18508	95
18509	111
18510	116
18511	101
18512	105
18513	94
18514	94
18515	90
18516	76
18517	80
18518	97
18519	99
18520	87
18521	109
18522	93
18523	104
18524	86
18525	87
18526	91
18527	99
18528	84
18529	87
18530	104
18531	94
18532	89
18533	92
18534	94
18535	108
18536	104
18537	75
18538	101
18539	107
18540	92
18541	76
18542	118
18543	101
18544	99
18545	101
18546	116
18547	76
18548	88
18549	112
18550	97
18551	101
18552	99
18553	93
18554	119
18555	99
18556	105
18557	109
18558	100
18559	101
18560	100
18561	117
18562	98
18563	107
18564	94
18565	89
18566	84
18567	96
18568	85
18569	102
18570	109
18571	105
18572	101
18573	111
18574	86
18575	115
18576	102
18577	102
18578	103
18579	100
18580	97
18581	104
18582	92
18583	112
18584	89
18585	90
18586	118
18587	112
18588	102
18589	91
18590	112
18591	109
18592	104
18593	111
18594	103
18595	123
18596	118
18597	119
18598	89
18599	100
18600	103
18601	87
18602	101
18603	93
18604	93
18605	92
18606	112
18607	104
18608	94
18609	105
18610	84
18611	86
18612	91
18613	101
18614	103
18615	115
18616	89
18617	93
18618	98
18619	99
18620	103
18621	112
18622	70
18623	113
18624	123
18625	93
18626	94
18627	101
18628	99
18629	103
18630	107
18631	113
18632	101
18633	106
18634	112
18635	94
18636	93
18637	102
18638	93
18639	113
18640	100
18641	107
18642	94
18643	101
18644	102
18645	100
18646	123
18647	109
18648	76
18649	95
18650	98
18651	105
18652	101
18653	110
18654	106
18655	96
18656	109
18657	89
18658	95
18659	94
18660	95
18661	106
18662	117
18663	103
18664	121
18665	99
18666	92
18667	92
18668	81
18669	115
18670	114
18671	100
18672	91
18673	91
18674	86
18675	100
18676	119
18677	96
18678	101
18679	117
18680	101
18681	103
18682	104
18683	90
18684	103
18685	90
18686	82
18687	115
18688	99
18689	97
18690	92
18691	113
18692	112
18693	102
18694	114
18695	95
18696	100
18697	93
18698	94
18699	104
18700	91
18701	99
18702	100
18703	117
18704	112
18705	98
18706	96
18707	100
18708	98
18709	112
18710	110
18711	106
18712	114
18713	100
18714	89
18715	108
18716	113
18717	99
18718	92
18719	93
18720	100
18721	95
18722	90
18723	110
18724	99
18725	92
18726	101
18727	90
18728	114
18729	97
18730	96
18731	94
18732	118
18733	92
18734	103
18735	91
18736	112
18737	95
18738	92
18739	91
18740	96
18741	87
18742	97
18743	75
18744	92
18745	101
18746	101
18747	90
18748	81
18749	97
18750	96
18751	121
18752	103
18753	91
18754	94
18755	101
18756	107
18757	83
18758	109
18759	99
18760	98
18761	85
18762	109
18763	105
18764	92
18765	95
18766	103
18767	101
18768	93
18769	89
18770	96
18771	102
18772	101
18773	94
18774	95
18775	98
18776	124
18777	86
18778	102
18779	94
18780	88
18781	86
18782	100
18783	101
18784	100
18785	111
18786	82
18787	105
18788	101
18789	95
18790	119
18791	89
18792	109
18793	97
18794	91
18795	99
18796	91
18797	102
18798	107
18799	106
18800	93
18801	103
18802	96
18803	102
18804	111
18805	78
18806	99
18807	114
18808	119
18809	90
18810	87
18811	92
18812	111
18813	102
18814	96
18815	100
18816	98
18817	100
18818	119
18819	106
18820	84
18821	99
18822	100
18823	96
18824	119
18825	96
18826	120
18827	95
18828	110
18829	90
18830	91
18831	105
18832	100
18833	110
18834	99
18835	103
18836	95
18837	119
18838	83
18839	115
18840	106
18841	103
18842	98
18843	110
18844	110
18845	126
18846	100
18847	100
18848	104
18849	96
18850	103
18851	105
18852	76
18853	82
18854	98
18855	100
18856	112
18857	102
18858	101
18859	123
18860	102
18861	94
18862	102
18863	91
18864	83
18865	89
18866	102
18867	100
18868	110
18869	96
18870	109
18871	100
18872	85
18873	111
18874	88
18875	107
18876	82
18877	98
18878	102
18879	101
18880	96
18881	91
18882	91
18883	78
18884	103
18885	126
18886	93
18887	95
18888	87
18889	91
18890	103
18891	91
18892	99
18893	103
18894	85
18895	106
18896	89
18897	99
18898	102
18899	93
18900	94
18901	104
18902	83
18903	95
18904	91
18905	115
18906	109
18907	108
18908	93
18909	118
18910	98
18911	104
18912	119
18913	98
18914	96
18915	117
18916	91
18917	100
18918	91
18919	104
18920	104
18921	94
18922	116
18923	94
18924	105
18925	113
18926	102
18927	79
18928	102
18929	107
18930	108
18931	104
18932	110
18933	102
18934	98
18935	98
18936	88
18937	105
18938	113
18939	103
18940	103
18941	85
18942	105
18943	107
18944	93
18945	108
18946	110
18947	89
18948	99
18949	84
18950	99
18951	99
18952	96
18953	92
18954	97
18955	103
18956	97
18957	108
18958	95
18959	86
18960	107
18961	93
18962	101
18963	104
18964	111
18965	91
18966	99
18967	104
18968	92
18969	121
18970	100
18971	96
18972	112
18973	114
18974	96
18975	111
18976	102
18977	114
18978	108
18979	111
18980	96
18981	111
18982	88
18983	104
18984	97
18985	95
18986	78
18987	105
18988	98
18989	96
18990	96
18991	87
18992	91
18993	86
18994	105
18995	114
18996	96
18997	91
18998	86
18999	90
19000	108
19001	93
19002	110
19003	126
19004	110
19005	128
19006	97
19007	114
19008	99
19009	116
19010	96
19011	112
19012	95
19013	99
19014	95
19015	97
19016	109
19017	88
19018	99
19019	91
19020	106
19021	94
19022	91
19023	95
19024	91
19025	110
19026	93
19027	88
19028	104
19029	105
19030	104
19031	89
19032	87
19033	107
19034	93
19035	97
19036	94
19037	93
19038	89
19039	109
19040	107
19041	77
19042	106
19043	112
19044	100
19045	92
19046	95
19047	98
19048	98
19049	78
19050	92
19051	98
19052	86
19053	91
19054	83
19055	116
19056	100
19057	73
19058	99
19059	98
19060	94
19061	88
19062	108
19063	78
19064	108
19065	97
19066	108
19067	103
19068	77
19069	94
19070	88
19071	94
19072	83
19073	89
19074	97
19075	80
19076	93
19077	90
19078	106
19079	114
19080	121
19081	88
19082	110
19083	114
19084	105
19085	116
19086	93
19087	98
19088	113
19089	88
19090	99
19091	130
19092	119
19093	97
19094	98
19095	114
19096	97
19097	111
19098	95
19099	88
19100	110
19101	107
19102	90
19103	110
19104	96
19105	97
19106	111
19107	97
19108	102
19109	107
19110	100
19111	103
19112	91
19113	102
19114	92
19115	95
19116	112
19117	93
19118	112
19119	90
19120	100
19121	94
19122	97
19123	102
19124	92
19125	104
19126	104
19127	103
19128	86
19129	94
19130	87
19131	95
19132	102
19133	110
19134	88
19135	103
19136	101
19137	102
19138	98
19139	104
19140	78
19141	109
19142	120
19143	104
19144	96
19145	112
19146	96
19147	107
19148	100
19149	94
19150	103
19151	98
19152	94
19153	94
19154	95
19155	90
19156	103
19157	99
19158	116
19159	102
19160	92
19161	105
19162	105
19163	83
19164	108
19165	99
19166	89
19167	110
19168	108
19169	106
19170	92
19171	122
19172	113
19173	101
19174	98
19175	92
19176	89
19177	89
19178	99
19179	104
19180	101
19181	103
19182	108
19183	101
19184	108
19185	93
19186	95
19187	93
19188	88
19189	109
19190	110
19191	107
19192	123
19193	116
19194	112
19195	94
19196	104
19197	102
19198	113
19199	89
19200	103
19201	96
19202	101
19203	114
19204	94
19205	90
19206	101
19207	99
19208	102
19209	103
19210	109
19211	108
19212	102
19213	95
19214	87
19215	97
19216	87
19217	105
19218	119
19219	112
19220	81
19221	102
19222	95
19223	93
19224	91
19225	100
19226	98
19227	95
19228	106
19229	106
19230	95
19231	88
19232	101
19233	96
19234	93
19235	89
19236	101
19237	92
19238	111
19239	103
19240	96
19241	85
19242	98
19243	105
19244	99
19245	84
19246	86
19247	93
19248	85
19249	120
19250	94
19251	98
19252	96
19253	115
19254	87
19255	102
19256	103
19257	101
19258	95
19259	111
19260	104
19261	100
19262	109
19263	97
19264	117
19265	100
19266	109
19267	114
19268	87
19269	98
19270	107
19271	111
19272	102
19273	81
19274	101
19275	99
19276	82
19277	106
19278	93
19279	95
19280	101
19281	119
19282	92
19283	104
19284	101
19285	107
19286	94
19287	99
19288	111
19289	86
19290	105
19291	101
19292	98
19293	113
19294	107
19295	91
19296	103
19297	107
19298	118
19299	113
19300	108
19301	85
19302	93
19303	98
19304	100
19305	97
19306	96
19307	85
19308	81
19309	112
19310	96
19311	114
19312	82
19313	87
19314	100
19315	103
19316	115
19317	91
19318	108
19319	112
19320	93
19321	100
19322	118
19323	95
19324	95
19325	111
19326	94
19327	107
19328	90
19329	106
19330	104
19331	122
19332	103
19333	88
19334	111
19335	90
19336	103
19337	120
19338	114
19339	87
19340	97
19341	89
19342	83
19343	114
19344	82
19345	103
19346	88
19347	107
19348	95
19349	109
19350	96
19351	101
19352	102
19353	99
19354	106
19355	107
19356	92
19357	97
19358	93
19359	109
19360	106
19361	92
19362	124
19363	103
19364	89
19365	102
19366	88
19367	116
19368	117
19369	95
19370	99
19371	117
19372	92
19373	106
19374	94
19375	79
19376	119
19377	99
19378	83
19379	115
19380	92
19381	109
19382	99
19383	89
19384	92
19385	94
19386	97
19387	82
19388	90
19389	102
19390	100
19391	100
19392	82
19393	98
19394	92
19395	91
19396	100
19397	102
19398	113
19399	102
19400	97
19401	103
19402	92
19403	142
19404	124
19405	95
19406	85
19407	78
19408	113
19409	123
19410	88
19411	105
19412	110
19413	91
19414	91
19415	100
19416	99
19417	88
19418	106
19419	85
19420	84
19421	98
19422	109
19423	88
19424	99
19425	90
19426	95
19427	89
19428	98
19429	108
19430	122
19431	100
19432	113
19433	91
19434	83
19435	100
19436	96
19437	109
19438	89
19439	89
19440	97
19441	100
19442	103
19443	93
19444	116
19445	100
19446	95
19447	95
19448	102
19449	124
19450	104
19451	110
19452	97
19453	97
19454	98
19455	99
19456	113
19457	97
19458	102
19459	84
19460	100
19461	112
19462	117
19463	91
19464	108
19465	104
19466	91
19467	101
19468	104
19469	101
19470	89
19471	116
19472	92
19473	73
19474	100
19475	104
19476	80
19477	89
19478	99
19479	86
19480	98
19481	98
19482	103
19483	107
19484	86
19485	82
19486	89
19487	112
19488	102
19489	108
19490	96
19491	105
19492	114
19493	101
19494	102
19495	109
19496	107
19497	102
19498	101
19499	115
19500	101
19501	106
19502	85
19503	100
19504	102
19505	96
19506	96
19507	94
19508	95
19509	104
19510	112
19511	102
19512	96
19513	106
19514	110
19515	104
19516	115
19517	112
19518	95
19519	94
19520	88
19521	99
19522	114
19523	105
19524	95
19525	102
19526	99
19527	87
19528	109
19529	102
19530	84
19531	98
19532	83
19533	102
19534	104
19535	112
19536	99
19537	100
19538	92
19539	102
19540	98
19541	93
19542	99
19543	93
19544	103
19545	77
19546	96
19547	111
19548	104
19549	99
19550	113
19551	104
19552	111
19553	107
19554	99
19555	86
19556	95
19557	96
19558	102
19559	97
19560	113
19561	94
19562	97
19563	103
19564	102
19565	118
19566	94
19567	107
19568	86
19569	90
19570	109
19571	111
19572	106
19573	110
19574	102
19575	114
19576	110
19577	106
19578	84
19579	109
19580	101
19581	106
19582	108
19583	93
19584	95
19585	95
19586	98
19587	99
19588	99
19589	116
19590	94
19591	89
19592	99
19593	71
19594	101
19595	103
19596	99
19597	90
19598	105
19599	102
19600	92
19601	91
19602	103
19603	104
19604	100
19605	102
19606	95
19607	98
19608	106
19609	112
19610	115
19611	103
19612	97
19613	115
19614	117
19615	111
19616	96
19617	85
19618	99
19619	99
19620	106
19621	100
19622	115
19623	78
19624	101
19625	133
19626	102
19627	89
19628	87
19629	95
19630	104
19631	103
19632	94
19633	102
19634	108
19635	105
19636	101
19637	99
19638	98
19639	92
19640	106
19641	111
19642	104
19643	89
19644	98
19645	90
19646	91
19647	114
19648	118
19649	98
19650	94
19651	103
19652	97
19653	98
19654	82
19655	103
19656	98
19657	98
19658	88
19659	100
19660	102
19661	104
19662	98
19663	98
19664	91
19665	119
19666	101
19667	98
19668	94
19669	95
19670	91
19671	87
19672	112
19673	109
19674	107
19675	112
19676	108
19677	96
19678	109
19679	98
19680	103
19681	105
19682	99
19683	105
19684	103
19685	96
19686	92
19687	100
19688	99
19689	96
19690	80
19691	96
19692	100
19693	102
19694	94
19695	86
19696	104
19697	97
19698	83
19699	100
19700	80
19701	120
19702	104
19703	110
19704	113
19705	89
19706	112
19707	82
19708	107
19709	97
19710	95
19711	97
19712	101
19713	106
19714	94
19715	109
19716	101
19717	127
19718	114
19719	108
19720	101
19721	81
19722	112
19723	106
19724	103
19725	99
19726	108
19727	107
19728	99
19729	105
19730	98
19731	94
19732	92
19733	110
19734	107
19735	103
19736	101
19737	100
19738	105
19739	107
19740	108
19741	102
19742	76
19743	97
19744	99
19745	122
19746	127
19747	111
19748	119
19749	102
19750	87
19751	109
19752	100
19753	101
19754	113
19755	116
19756	117
19757	94
19758	94
19759	92
19760	91
19761	90
19762	105
19763	93
19764	104
19765	86
19766	103
19767	119
19768	95
19769	105
19770	106
19771	106
19772	92
19773	112
19774	118
19775	102
19776	94
19777	100
19778	78
19779	104
19780	93
19781	85
19782	94
19783	99
19784	109
19785	97
19786	90
19787	101
19788	72
19789	107
19790	110
19791	99
19792	83
19793	92
19794	106
19795	84
19796	92
19797	107
19798	120
19799	100
19800	89
19801	99
19802	115
19803	103
19804	96
19805	106
19806	83
19807	95
19808	107
19809	99
19810	95
19811	117
19812	111
19813	95
19814	88
19815	101
19816	89
19817	87
19818	96
19819	116
19820	84
19821	82
19822	102
19823	102
19824	85
19825	104
19826	112
19827	101
19828	107
19829	117
19830	96
19831	108
19832	91
19833	109
19834	96
19835	110
19836	104
19837	98
19838	100
19839	88
19840	109
19841	98
19842	86
19843	111
19844	114
19845	72
19846	82
19847	95
19848	92
19849	73
19850	110
19851	104
19852	97
19853	117
19854	105
19855	99
19856	98
19857	111
19858	108
19859	80
19860	87
19861	108
19862	110
19863	104
19864	99
19865	107
19866	96
19867	101
19868	92
19869	115
19870	97
19871	110
19872	98
19873	101
19874	111
19875	106
19876	106
19877	106
19878	92
19879	88
19880	107
19881	87
19882	86
19883	95
19884	112
19885	108
19886	108
19887	107
19888	106
19889	112
19890	109
19891	88
19892	94
19893	96
19894	113
19895	97
19896	113
19897	107
19898	105
19899	97
19900	98
19901	107
19902	93
19903	116
19904	92
19905	82
19906	105
19907	113
19908	94
19909	98
19910	104
19911	94
19912	107
19913	104
19914	94
19915	103
19916	95
19917	98
19918	100
19919	99
19920	95
19921	92
19922	87
19923	118
19924	101
19925	106
19926	105
19927	92
19928	77
19929	110
19930	90
19931	85
19932	100
19933	105
19934	118
19935	106
19936	94
19937	116
19938	113
19939	102
19940	98
19941	102
19942	99
19943	108
19944	112
19945	100
19946	103
19947	102
19948	106
19949	90
19950	110
19951	92
19952	97
19953	94
19954	105
19955	95
19956	109
19957	99
19958	92
19959	90
19960	111
19961	107
19962	87
19963	101
19964	112
19965	89
19966	98
19967	103
19968	93
19969	90
19970	99
19971	106
19972	100
19973	108
19974	100
19975	125
19976	112
19977	103
19978	103
19979	98
19980	104
19981	94
19982	104
19983	133
19984	86
19985	97
19986	95
19987	101
19988	89
19989	83
19990	116
19991	100
19992	117
19993	104
19994	117
19995	88
19996	110
19997	97
19998	103
19999	95
20000	102
UserID	1
